1.0 0.0 5.416677968589097e-34 0.0 -3.851859888774472e-34 1.0 0.0 1.9259299443872393e-34 2.9189875719619043e-34 -1.925929944387236e-34 1.0 0.0
0.9991332773469686 -0.002089468990702722 0.0415731696357173 0.06705590977552368 0.002155617153387662 0.9999964810434224 -0.001546362616740311 -0.020099390563322023 -0.041569785245060976 0.0016346376936150655 0.9991342655900114 0.960334901683688
0.9960648062669502 -0.004296104255214343 0.08852370511968774 0.18925153171933412 0.004799877833200062 0.9999734719173299 -0.005478749113178835 -0.0447437576573488 -0.08849780452331608 0.005882090634603659 0.9960590034648341 2.005298024399513
0.9912354818773562 -0.006795911409234546 0.13193194364264435 0.3445418663912154 0.008118248426668952 0.9999220369733874 -0.00948757731250088 -0.06859060636870364 -0.13185715880395532 0.01047547698794421 0.991213373220114 2.9462650092496383
0.9836081025125399 -0.005376162248483372 0.18023929299995795 0.5610039594112712 0.007859448712611858 0.999883742287869 -0.013066411128778184 -0.09778363994201895 -0.1801480611953338 0.014268805833066474 0.9835360043802416 3.969339129487092
0.9744994562573442 -0.0060149594337876285 0.2243092466941998 0.8029349314732012 0.0093496733410577 0.9998609599601722 -0.013807407431489864 -0.1265420946508261 -0.22419496984606027 0.015552525286949948 0.9744202000028059 4.886710131839938
0.9633658151022292 -0.007449804607754178 0.26808733354870395 1.0875882544249296 0.011715176693826726 0.9998289137596728 -0.014314259129136135 -0.15747015076114768 -0.2679347837903472 0.016930554020521984 0.9632882725856328 5.793584802871736
0.9489885656218315 -0.00894469081262344 0.3151836148928935 1.4454785192001227 0.014743605901763783 0.9997629799890707 -0.01601905548399893 -0.19314975885752383 -0.31496557135281145 0.01984883836550091 0.948895513740083 6.768432127810093
0.9342550743603155 -0.012357599735831632 0.3563913111004355 1.813511477645568 0.020068135665002505 0.9996375480267854 -0.017945550490390906 -0.22515015425185425 -0.3560403122691054 0.02391782471616409 0.9341644462066468 7.6454542357354205
0.9177685782914259 -0.012539735457898929 0.3969176460041342 2.2169598756139437 0.021898924734004434 0.9995785627282523 -0.019056083899214926 -0.2577074619276346 -0.39651134485908746 0.026181138016902507 0.9176564036350086 8.505717647104527
0.8972377574700351 -0.013367181841502523 0.4413453944789892 2.7046670769822763 0.02397714913648979 0.9995418520654878 -0.018471129028248552 -0.29451266619755045 -0.4408962115617322 0.027155191704945597 0.8971471973244569 9.426119553697271
0.876283266572602 -0.013944448832516077 0.48159446374298065 3.187065369947101 0.025395412774918674 0.9995283503014232 -0.017267028577102442 -0.3276217589205703 -0.4811264593800023 0.02736109118202666 0.8762240934916923 10.236605285711173
0.851027685146193 -0.013785096723083284 0.5249398975011078 3.7564649845709717 0.02601848909580646 0.999534483410678 -0.015932828231587384 -0.36347380286205655 -0.5244758050985139 0.027217413570638005 0.8509901857142845 11.093643444364021
0.8261397110269764 -0.01401847030143365 0.5632909666729617 4.311513074945859 0.027258344605807075 0.9995143190013882 -0.015103280558411133 -0.3947076817681779 -0.5628055670020425 0.027831791502330012 0.8261205916992471 11.848348296179854
0.7997770959198931 -0.01563589822343236 0.6000934723055568 4.9015817286186305 0.03047080024975143 0.9994294720066651 -0.014569185551990506 -0.4246278815172372 -0.5995231986123742 0.029937421080204793 0.7997972398168051 12.580968581058166
0.7690921741309871 -0.015642817117463674 0.6389464751029079 5.58713241128886 0.03227380404736003 0.9993756040949506 -0.01438067731192358 -0.4568447667061534 -0.6383224574163275 0.03168129108321153 0.7691168101804653 13.358532048693224
0.7396125729286094 -0.01723198412531167 0.6728122890163459 6.243897795665263 0.03587520319310646 0.9992603813158248 -0.013844151436389148 -0.48538642370631896 -0.6720759887525493 0.03437657677551357 0.73968374346643 14.035976960511038
0.7087478615816528 -0.018400221517394053 0.7052219392801662 6.929324260199952 0.03863553523374409 0.9991719100116268 -0.012758921682000948 -0.5128543677056308 -0.7044030660786226 0.036289475793832335 0.7088718579077252 14.684052703272275
0.6727802794686226 -0.017421678230474916 0.7396372571589048 7.7109972908908455 0.03912653454701616 0.9991615416335322 -0.012055224463614437 -0.542608878435177 -0.7388069550761577 0.037049949970335734 0.672897832084846 15.35112197199287
0.638377204214481 -0.01749528651051894 0.7695248918667649 8.449331302011574 0.042487685335641893 0.9990183688261919 -0.012533786464003783 -0.5676790856062341 -0.7685500902290082 0.04069660421954046 0.6384938884908788 15.919114757132444
0.5994287186585789 -0.017147971034305865 0.8002445036407357 9.289642957104027 0.04521613919164247 0.998899461444862 -0.01246463680888206 -0.5944043317470803 -0.7991499254745024 0.043655616665182494 0.5995443903400447 16.5078548456929
0.5629029208358579 -0.016317952282397533 0.8263619912681482 10.077920766744505 0.047221408057762315 0.9988069412431269 -0.012443201196000115 -0.6195320832033483 -0.8251729058884737 0.04602627908751627 0.5630019023463798 17.00699484421002
0.5255270730668199 -0.01480214206408072 0.8506481725334142 10.886707873762964 0.0506639837827114 0.9986187012170012 -0.013923034332050617 -0.6444002749930545 -0.849266939024015 0.05041414378381423 0.5255510997600182 17.469808967203768
0.4835512095861351 -0.013282306875749158 0.8752153658366861 11.803418732499253 0.05439866965529074 0.9984080749977327 -0.014903057592054344 -0.6692439746087372 -0.8736239940071767 0.05481692926215388 0.48350397329277267 17.938370743038657
0.44562520453728355 -0.013587962129603687 0.8951165728051353 12.659514640622243 0.057873730010096096 0.9982304710914492 -0.013658645450982537 -0.6908942141797706 -0.8933468940313755 0.05789035706725338 0.44562304507588657 18.330643508174624
0.4084971705648938 -0.015150287107298769 0.9126339191387787 13.538537465193906 0.06228754911909647 0.9979941300915004 -0.011312744958288181 -0.7129486916200393 -0.9106317489899236 0.061466939176169064 0.4086214538267378 18.6942588862734
0.36934107895994633 -0.013911216358249604 0.9291898571150501 14.52193312085918 0.06538033436700026 0.9977992393229403 -0.011049461051803107 -0.7355171951170224 -0.9269910644974924 0.06483174753816927 0.36943776882542767 19.057522013736758
0.3356475400664276 -0.013030119652704782 0.9418976027126537 15.434942405233311 0.06708426031877819 0.9976961559912997 -0.010103616026283563 -0.7535659065014132 -0.9395958074280906 0.06657774160316261 0.33574837765923565 19.358905486800058
0.2997037484314944 -0.014270172034393552 0.9539256671370154 16.462328045595484 0.06851174560696437 0.9976284717768926 -0.006601040221960235 -0.7713747436524635 -0.9515690466813677 0.06733345273180599 0.29997066817698775 19.659004030113095
0.2673786719418164 -0.01523827936789719 0.9634711188291183 17.41133941039948 0.07026685226265923 0.9975212813563118 -0.0037233643284118115 -0.7861853553707856 -0.9610260449024184 0.06869561430027984 0.26778666262958034 19.89893156956368
0.23541123261939398 -0.013842676365063492 0.9717973506940809 18.371154661494796 0.06960313586289497 0.9975712385544578 -0.002651075887571859 -0.7985206405487388 -0.9694002249244533 0.06826421947559627 0.23580296985212354 20.106633907208327
0.2014018800813149 -0.011220319403418865 0.9794445102435443 19.43549195265544 0.06815474763498948 0.997671412094709 -0.002585452170168897 -0.8102331002804009 -0.9771346128591663 0.06727449193709266 0.20169761742275494 20.30137035765245
0.17131483903911215 -0.010096722780086685 0.9851646794145269 20.420073189417867 0.06900642412456205 0.997614635831704 -0.00177553115281993 -0.8205163331032037 -0.9827966097377516 0.06828684993399338 0.1716029307888438 20.45018557675309
0.14154153443378653 -0.010107054605564252 0.9898808042094058 21.421823850333613 0.07071684488200584 0.9974964276763486 7.311561688902407e-05 -0.829134953523796 -0.9874031381173064 0.06999088146606465 0.14190191527868726 20.571394124559202
0.10885795407894738 -0.010515449887334643 0.994001779494492 22.539821408404688 0.07117191850106083 0.997460251891679 0.002757650787161871 -0.8364555975774791 -0.9915060957092618 0.07044480442127925 0.10932988834646444 20.67039810495901
0.07962168606690637 -0.011085618729078234 0.9967635946532846 23.570126008531684 0.07048195345659782 0.9974980918565962 0.005463670484180706 -0.840125323208762 -0.994330183808974 0.06981880176742714 0.0802038173003791 20.729576193510628
0.049293856084812473 -0.010647068247542694 0.9987276524939078 24.72024136566336 0.07222455938536577 0.9973633543296863 0.007067757711827338 -0.8407393991760681 -0.9961694440740352 0.07178425039586234 0.049932866782749684 20.764582727822688
0.023629733447713824 -0.010263054147144679 0.9996681819168683 25.783723673152174 0.07548705961753874 0.9971109569297163 0.008452465840817092 -0.8394251575985362 -0.9968666770846772 0.07526226426348044 0.024336195226782775 20.77164941849212
0.00011170108168744052 -0.00954349751001992 0.9999545378808318 26.862737088842444 0.07935982616085653 0.9968007236858236 0.009504529315509186 -0.8370598709824733 -0.9968459449336073 0.07935513799636282 0.0008687153363434843 20.75665731881439
-0.023216638580652635 -0.009137158549881855 0.9996887858832797 28.064243101559818 0.08496392969033915 0.9963224249755693 0.011079577658806109 -0.8323385510970007 -0.9961134227925339 0.08519469853617755 -0.022354927444466113 20.715395886091162
-0.04184869418030015 -0.009377451041482805 0.9990800361451616 29.17294253542004 0.08968660393193809 0.9958838259203491 0.01310417143415606 -0.8264017723075047 -0.9950903642327227 0.09015246729929458 -0.04083540462697731 20.65908003485879
-0.05817374688389417 -0.009334617351739032 0.9982629153971581 30.289194598037472 0.09341399004846021 0.9955180495229833 0.014752645658190114 -0.819163336250117 -0.9939262926352691 0.09410991731673515 -0.05704102987672052 20.586133024194755
-0.07434411015240339 -0.00941980711236655 0.9971882411793657 31.528430785589496 0.0965438122893203 0.9951903228728466 0.01659863348397795 -0.809726703175405 -0.9925482757309486 0.09750634297508422 -0.07307711359751856 20.486644071266152
-0.08786849170455552 -0.010173029906606243 0.9960802202149711 32.65950387964354 0.09770177499185419 0.995038509457702 0.018781079572941027 -0.7991928343219947 -0.9913290704064843 0.09896904838508329 -0.08643860863694468 20.379814013730126
-0.10039435627333129 -0.010837753716959555 0.9948887794209679 33.79370977218121 0.09786000090819416 0.9949846015328356 0.020713861012487404 -0.7875205370265205 -0.990123339986424 0.09943934922663539 -0.09883025468638527 20.258933241941865
-0.11298035484390793 -0.009286623935473309 0.9935539062864864 35.04971302771242 0.09762333188198218 0.9950143069920635 0.020401349261141444 -0.774376963984206 -0.9887896439075337 0.09929897208673528 -0.11151047701241143 20.110689356475515
-0.1234153911398204 -0.006102947866080343 0.9923364154954082 36.204745714597195 0.09808052265536893 0.995009889810178 0.018317514798860738 -0.7635437163180558 -0.9874961712171392 0.09958951516880893 -0.12220095313053832 19.961534642377508
-0.13390753565036465 -0.0027569843103321164 0.9909900790370529 37.49699018559418 0.09883175367872336 0.9949735393291148 0.016122704241380865 -0.7533909085226113 -0.9860531896050447 0.10010021653597478 -0.13296197580705757 19.78142402248184
-0.1421112868134781 -0.000903449941788527 0.989850358074263 38.693278659167696 0.09917510356412423 0.9949547139455065 0.015146521830328252 -0.745170566037544 -0.9848697973720026 0.1003209810080641 -0.1413046936934996 19.604646473057993
-0.14870749509074102 -3.7443906088882534e-05 0.988881309675714 39.91078427628652 0.09883338245954411 0.9949924361456641 0.014900188321130603 -0.7366731673770704 -0.9839298148358973 0.09995023197476281 -0.14795913082187823 19.41778093116525
-0.15463452643807846 0.001282701944090409 0.987970992860321 41.27438863769156 0.09920499111825193 0.9949651858857137 0.014235508510403968 -0.7278284585966414 -0.9829783163469539 0.10021293225573276 -0.15398321949521573 19.200591239560318
-0.15929372590161786 0.0028322081804051202 0.987227254517911 42.53127656234317 0.09907326801581541 0.9949934943902938 0.01313144204528377 -0.7225903008577855 -0.9822473385776169 0.09989956434478152 -0.15877681580959652 18.994054514433678
-0.1635748946623579 0.004273083847486153 0.9865217478263197 43.810764126939816 0.09911663712189385 0.9950019524650684 0.012124682202713679 -0.7178041677416028 -0.9815390893977549 0.09976398937588597 -0.16318087198633832 18.777828361568087
-0.16731949136992647 0.004343861022154914 0.9858932410856155 45.23955207695759 0.09908060644522776 0.9950017570667649 0.012431329094081674 -0.7119166624563711 -0.9809113412454357 0.09976288155401383 -0.1669135790114938 18.531398665007284
-0.16990850853651898 0.0028569642865614825 0.9854557831197073 46.56232814217628 0.09916156572094789 0.994969843578795 0.014212506528556514 -0.703578227599123 -0.9804580158866653 0.10013414179744971 -0.16933714193500568 18.29972990094556
-0.17217814449268617 0.0013230121552113552 0.9850650232742129 47.90339121271173 0.09939764352524914 0.9949185462779958 0.01603732624602423 -0.6929187080985134 -0.9800380775619331 0.10067439661480619 -0.17143473223134606 18.06169282362636
-0.17447120882807887 0.0011807625756217527 0.9846616509439223 49.39863614765253 0.10054244148222623 0.9947939105313162 0.016622098169925922 -0.680466188591523 -0.9795156218173379 0.10190034125594881 -0.17368161157984688 17.79208526204438
-0.17590818647050704 0.001565611496117533 0.9844054156995461 50.77762597542745 0.10128199156352968 0.9947206456386322 0.016516550833073622 -0.6692024744214681 -0.979182366501501 0.10260791465398628 -0.17513807179301688 17.540987135915312
-0.1768997348084101 0.002276552488358504 0.9842263280049988 52.31576454390727 0.10253749574315127 0.9945983702579708 0.016129010758589045 -0.6574625783387912 -0.978873017633725 0.10377329756508295 -0.1761776186559432 17.258565745222786
-0.17720051958361405 0.0029606468558923365 0.9841703988708953 53.73758426233414 0.10295710408541883 0.9945643121226738 0.015545575402016973 -0.6481883036450359 -0.9787745651949918 0.10408199509576734 -0.17654213122021745 16.997203660134883
-0.17699632914438873 0.003910732068455118 0.9842038250463441 55.17119852871164 0.10298454575610728 0.9945762633575486 0.014568487980625698 -0.6413845895083118 -0.978808623627852 0.10393632963894181 -0.17643909136103272 16.734254167891272
-0.17605343760968714 0.00458487426186281 0.9843700166488146 56.77140108043055 0.1029980335481508 0.9945859843323157 0.013788618251278922 -0.634652150729112 -0.9789772372311566 0.10381568655511708 -0.17557251330047918 16.442211889854327
-0.17490803796851412 0.0037623702641421983 0.9845776691240368 58.24836835284076 0.10256233974595524 0.9946220658265971 0.014419215354185404 -0.6269195760500713 -0.9792282591194622 0.10350260304454453 -0.17435327027735825 16.17498728177922
-0.173747237838742 0.0036579042426432493 0.9847835705681401 59.74391122528447 0.1028035695941665 0.9945968094507073 0.01444347074698654 -0.6193305778059417 -0.9794095987374282 0.10374875640090606 -0.17318449274475253 15.905434152887693
-0.17246798784710896 0.004526826063836963 0.9850048044875644 61.41316009992518 0.10299330527257494 0.9945909406374118 0.013462578067810056 -0.6147456200243867 -0.9796157465270795 0.10377074119026969 -0.1720013297681045 15.606304038378385
-0.17152523455151472 0.005184562943079116 0.9851661677702332 62.948076491184636 0.10350629974279252 0.9945465957620396 0.012787334109345393 -0.610469038619797 -0.9797271959049662 0.10416423197979556 -0.17112647176398868 15.333056123546474
-0.17050088219580847 0.005575773287033282 0.9853418309796649 64.66066964965766 0.10366469123409626 0.994536120787144 0.012310052138899805 -0.6060531972140834 -0.9798892383718042 0.1042440082411836 -0.17014729551373856 15.030119107667156
-0.16959831424013894 0.004680545551722499 0.9855022416571041 66.23699947258194 0.10434691120565195 0.9944529025819584 0.013234342546321956 -0.5990733935793058 -0.9799734549553268 0.10507861374993757 -0.16914593506768505 14.75256500732127
-0.16886198849052272 0.0028804333093940364 0.9856355797187033 67.82965979233958 0.10561492207907704 0.9942911032726836 0.015188527422883518 -0.5883816870529928 -0.9799647726181988 0.10666256624767645 -0.1682021883036597 14.47315058523062
-0.16815498155228084 0.002331397553731929 0.9857578966798249 69.59707604845424 0.10740001383588688 0.9940876258167101 0.01596967224123088 -0.5754344561976732 -0.9798923296634452 0.10855576767327217 -0.16741117723812765 14.16412804517495
-0.16730952208323488 0.004163015938547159 0.9858957131761805 71.20943676714845 0.10933492453410079 0.9939012694681696 0.014357647853916878 -0.5667130123149402 -0.9798230639526698 0.11019498027518138 -0.16674430815703722 13.88274834160219
-0.16657210644495066 0.004705625822912951 0.9860181309786407 72.8397805449872 0.10985182064713565 0.9938519671702212 0.01381470530746233 -0.5590281724180238 -0.9798908864713317 0.11061700703633956 -0.16606493596159289 13.601285879308618
-0.16617371845002904 0.004426684493671167 0.9860866412048274 74.65309164046016 0.1099928140188125 0.9938327297918952 0.014074348714938909 -0.5495576327898042 -0.9799427098957981 0.11080120695127788 -0.16563578244260385 13.290800623854185
-0.165991579395536 0.0036306328776635395 0.9861205698545031 76.31881927550539 0.10945055872567334 0.9938825835720394 0.01476436571829367 -0.5400070663414924 -0.9800342898329292 0.11038218336322164 -0.16537351330824962 13.007374470786157
-0.16574532745499077 0.0033923008320286287 0.9861628379491566 78.16875876396554 0.11049397610595599 0.9937612830560585 0.0151523855201888 -0.528360725258382 -0.9799588798436533 0.11147646557975685 -0.16508611681037874 12.691099549685363
-0.1656126589561689 0.003447923624539826 0.9861849335967211 79.86556059361574 0.11134115410947361 0.993665631164047 0.015223734778563433 -0.5179351608895828 -0.9798854183711545 0.11232418713234953 -0.16494750181789225 12.401167376269772
-0.165627562351232 0.003837213676196716 0.9861809928279957 81.57264048764296 0.1122108826003902 0.993571501502154 0.014979669402426177 -0.5076825950411278 -0.9797836837766334 0.11314126084505073 -0.1649934016816335 12.109575640685868
-0.16579984332178446 0.004836468624212631 0.9861476485526219 83.46949590819528 0.11200453422555486 0.9936096599882174 0.013958121332416317 -0.49897261676175664 -0.979778155935251 0.11276723756472151 -0.1652820310980655 11.786838426809878
-0.16656735387354082 0.005295002354320583 0.9860159449772495 85.2116911255396 0.11132789665778514 0.993692432391058 0.013470355740196635 -0.491761744454924 -0.9797250913627844 0.11201477806358107 -0.1661061992357904 11.490398868243728
-0.16765344270727897 0.005961416758371193 0.9858280523351715 86.96775545334961 0.11072138090633903 0.9937687953632038 0.012820234458205244 -0.4857606288696275 -0.979608563454374 0.11130157519987902 -0.16726881482684955 11.189964075260956
-0.1688233495416295 0.005809351843740527 0.9856292873737873 88.91096622088195 0.10978565029989715 0.9938709652579285 0.012946684215594013 -0.4788308043022162 -0.9795129536162718 0.11039363050538711 -0.16842640756977106 10.85577807673268
-0.16980640919103787 0.005402549235615927 0.9854627135792409 90.69553220148254 0.10943551493999776 0.9939034614621142 0.013408153743576219 -0.4714850152322996 -0.9793821982124864 0.11012138565092422 -0.16936240736332614 10.546495809525247
-0.17052507406641984 0.004406554888470729 0.985343567162736 92.49507490845761 0.107907274182372 0.9940591306048269 0.014229063397924077 -0.46268655583370827 -0.9794269028267473 0.10875212651341266 -0.1699875049297305 10.234189667536588
-0.17149583237882643 0.004416199823396292 0.9851750304191345 94.48956603229419 0.10682050051474645 0.9941777949977002 0.014138380170023258 -0.45324645645041217 -0.9793765357858032 0.10766153928832596 -0.17096908789082693 9.884826549811411
-0.17349216076208207 0.005422834170749265 0.9848204033276342 96.31316049202198 0.10598355340827588 0.9942803218451635 0.013195801402098813 -0.44664850490960917 -0.9791158232553895 0.10666411027580391 -0.1730745714051123 9.561645965104702
-0.17692111946425346 0.006219924242748858 0.9842054631091904 98.33772106222342 0.10575572166295677 0.9943106932214782 0.012726894857332466 -0.4398548368406806 -0.9785266903933884 0.10633699193421343 -0.1765723522479775 9.196831683867874
-0.18101513259120672 0.006344830041871274 0.9834599271175608 100.19425025200803 0.10505569450473738 0.9943823936951875 0.012921196698358596 -0.4337246352309447 -0.9778530881694033 0.10565697436484366 -0.18066482009882462 8.856286594331047
-0.18551787224417757 0.005325961377716551 0.9826265395804115 102.0640735332447 0.10288169200678964 0.9945946073564251 0.014033018384285648 -0.4263955590635387 -0.9772401526478137 0.1036976336673324 -0.1850630179497959 8.507296327344351
-0.19060833542064895 0.005484000520559803 0.9816509313210479 104.12738248859492 0.10176286180846 0.994707299083588 0.014202472665344556 -0.4180280947724537 -0.9763772949707491 0.10260269491326111 -0.1901575688257487 8.109880834763937
-0.1950700700972176 0.00662329517934052 0.9807670274734313 106.0053204965113 0.1015184229835121 0.9947424117274531 0.013473871876081045 -0.41134858710030303 -0.9755211517683305 0.1021942483332137 -0.1947168571969238 7.737315995554066
-0.1995649726032258 0.008171048287180375 0.9798506099616594 107.89265402977077 0.10145264905219206 0.9947634947068582 0.012367324384256865 -0.40670188339480784 -0.9746183981522475 0.10187650213663157 -0.1993489227951093 7.353064096293649
-0.20457261156678858 0.009603540484774463 0.9788043626916788 109.97898035796963 0.10084027218246273 0.9948382838935667 0.011315012531639825 -0.40432975223555406 -0.9736432235362785 0.10101761751423213 -0.2044850881936754 6.917729310217608
-0.20928833869923855 0.009250262306609873 0.977810301351049 111.88537719150555 0.09925829763368459 0.9949913516962021 0.011832222271071852 -0.4016533766248761 -0.9728031777030692 0.09953210985952962 -0.20915825103983382 6.5111953721092934
-0.21479383779116681 0.008875312980472764 0.9766191669112605 113.99163514429246 0.09724563898733268 0.9951838610848217 0.012343799763998667 -0.39824142257471545 -0.9718059138471453 0.09762330523000874 -0.2146224450455743 6.05089245772289
-0.22010113095776454 0.008229221864565322 0.9754424292556889 115.91138100625503 0.09605149504896629 0.9952878188125807 0.013276636162865955 -0.39364405210070547 -0.9707365471895788 0.09661488467379677 -0.2198544023454517 5.619489146262588
-0.22541707600390445 0.007813831897269067 0.9742311051390011 117.83632438035269 0.09557647836995053 0.9953217772186765 0.014131440796938425 -0.38736548129395537 -0.9695628502686234 0.0962990246568303 -0.22510934197268453 5.17474811366298
-0.2312492701370321 0.008577407713030703 0.9728568049996 119.95853037516633 0.09610412575089194 0.9952718525280614 0.014069030811380816 -0.37992893012448686 -0.9681361549640757 0.09674898420245845 -0.23098021249063364 4.669799210432767
-0.23658197436311817 0.009942426845481186 0.9715607428393114 121.89292836731512 0.0961109495909228 0.9952828529448041 0.013218511603593474 -0.3749131565627327 -0.9668461602971746 0.09650486558164457 -0.23642155722324354 4.19720276177172
-0.24212482658907603 0.01043035916324067 0.970189123307298 123.83316360165105 0.09644060380546658 0.9952489625356319 0.013368379122564176 -0.36962577549698955 -0.9654401181143246 0.09680241971706675 -0.24198039134300384 3.710655809847192
-0.2481708237474071 0.010363419038964945 0.9686609315549214 125.97042414610395 0.09614825146690313 0.9952687739341876 0.0139850784992867 -0.362304532253153 -0.9639328814082226 0.09660572171727333 -0.2479930948389903 3.1613478100557804
-0.25332173284594556 0.01090776276692954 0.9673206699330952 127.92022224533642 0.09560799409437389 0.9953232030084854 0.013814270152280686 -0.3559612035520711 -0.9626458619030868 0.09598302231414639 -0.25317986658935 2.6484583018447467
-0.2588109477354523 0.011326290381557023 0.9658616702756617 130.06883129977933 0.09464986949182247 0.9954164978892114 0.013689374128534946 -0.3501151581855046 -0.9612794288309696 0.0949616197010655 -0.2586967178610534 2.0708236351679
-0.263334856254155 0.011464896892286568 0.9646364428403605 132.0312857537846 0.09505772254341266 0.995371624284258 0.014119489728005733 -0.34256642186444936 -0.9600097020579967 0.09541427582954115 -0.26320586933427725 1.5313789459825689
-0.2673348440259607 0.010788127156172304 0.9635433847882029 134.00123536902913 0.09645717148233592 0.9952145764144121 0.015619283635151688 -0.3305361640817139 -0.9587637565306898 0.09711622662583493 -0.2670961245371218 0.9800348063451604
-0.27129310476815066 0.011420631258309803 0.9624291023309759 136.17662622652173 0.09830392934977399 0.9950293662692141 0.01590279286269483 -0.31504586485676084 -0.9574634378477674 0.09892485856625761 -0.2710672977899821 0.3614475233868507
-0.2744524910561184 0.012062230256997335 0.9615250849500798 138.16358144643488 0.09898788754335629 0.9949636257253539 0.015772846797947253 -0.3011672738366919 -0.9564920672081887 0.09950821200564554 -0.27426425903566304 -0.21037028954929976
-0.27755846790078464 0.012213057241561747 0.9606311956606007 140.15531712107799 0.09895650320347883 0.9949640471115029 0.015942287241200205 -0.28690487773923484 -0.9555986364704628 0.09948559875508252 -0.2773692567246519 -0.7899105172519099
-0.28140569511224484 0.012324168704990902 0.9595098254899098 142.3522883598498 0.09784175589422812 0.9950747372306671 0.01591411975032326 -0.27237292465517515 -0.9545876976704256 0.09835842822142953 -0.28122551517951366 -1.4373378100741587
-0.28538074099006 0.012871158306476166 0.9583278776926307 144.34794878253268 0.09651544326500715 0.9952127338691289 0.015374804559200922 -0.26173384955982515 -0.9535420542393279 0.09688109148603534 -0.2852568117387406 -2.034795712031385
-0.2900357455227204 0.01310060582609411 0.9569262224457914 146.54942243402803 0.09532162955982 0.9953294805495118 0.015264767615463118 -0.2513645951748894 -0.9522567411120274 0.09564307385502471 -0.289929897783462 -2.705527443114745
-0.29439291093492626 0.013285082399178314 0.955592211619988 148.55700991551242 0.09524365979477555 0.9953332392230451 0.01550448999026977 -0.2406487431088452 -0.9509265520700532 0.09557849017642701 -0.2942843682710752 -3.3285079411297454
-0.298744114756223 0.013773360084598342 0.9542339348122084 150.56987432488467 0.09485343493190015 0.9953732237770314 0.015328806437671955 -0.23039964444424477 -0.9496076181146906 0.09509173598803984 -0.29866834186300234 -3.9632263452959426
-0.3034972417360942 0.014319177979179925 0.9527247969976946 152.78972726100895 0.0946926160757314 0.995390441263167 0.015204569627404472 -0.21945963860020212 -0.9481152787541882 0.09483052726593982 -0.30345417255780016 -4.675277652910005
-0.3076210848937939 0.013898193713022622 0.9514075159139068 154.81091859862934 0.0942872716446434 0.995417332903794 0.015945055446267495 -0.20820093636981007 -0.9468257643519981 0.09461063309827727 -0.3075217813979267 -5.333659478354299
-0.31166475233422364 0.013728390360985354 0.9500930301982742 156.83827160492976 0.09445311906034123 0.9953908844395564 0.01660109972422282 -0.19511135843866242 -0.9454858753017443 0.09491320663033272 -0.311524941527368 -6.003933507528037
-0.31590858775002706 0.014200851036761244 0.9486834309436922 159.07581020106608 0.09535424631929262 0.9953007141956947 0.016853993022984848 -0.1789277081889356 -0.9439857956182707 0.09578529342670622 -0.315778153221919 -6.754638901960899
-0.3195034038695278 0.014913746223913905 0.9474678394711902 161.1167898153754 0.09582379607421557 0.9952590926338882 0.016647513058611195 -0.16375484942336554 -0.9427275459359171 0.0961088808111789 -0.31941775837373243 -7.448110301173143
-0.3229940666056855 0.016571433778168883 0.9462559758706006 163.16290407063164 0.09632376053048841 0.9952301408393542 0.015449950779786765 -0.15096398267511385 -0.9414862810172724 0.0961371551424416 -0.3230496519881878 -8.15206887293289
-0.32664543334495066 0.017927681885948274 0.944976989157093 165.4191048911536 0.09678455693349988 0.9951986398640875 0.014574560420005819 -0.13908166871161648 -0.9401783671666126 0.09621987149707475 -0.3268122125045736 -8.937749547315303
-0.3298833917102721 0.018840453223405662 0.9438337437120562 167.47805668393872 0.09704886996276656 0.9951803794259952 0.014054547507627664 -0.12897468087491573 -0.9390198702700103 0.09623433875149341 -0.3301219223992364 -9.662965173187747
-0.33348972672735694 0.019187877548846995 0.9425585274623046 169.7474837354075 0.09687051718254186 0.9951983195059854 0.01401459282166441 -0.11790931889055857 -0.9377635936211575 0.09597983350891809 -0.3337471540106756 -10.471294485041739
-0.3371100172294203 0.019317154964640388 0.9412671425103677 171.8140672587523 0.09663092032761256 0.9952192196817564 0.014183478729098534 -0.10801530648660874 -0.9364930081858392 0.09573688181768025 -0.33736500153501536 -11.216994975073419
-0.34081575442895923 0.019543585341394443 0.9399270286273249 173.88690149476744 0.09737820278765426 0.9951400978680782 0.014617534142601698 -0.09688226321649218 -0.935073238027649 0.09651026939098278 -0.3410625412149023 -11.974939231025111
-0.344457809853875 0.02020987688666934 0.9385843206768797 176.17616186931735 0.0993831393882302 0.9949354188677343 0.015050082493848042 -0.0811131633670693 -0.9335264659682554 0.09846355312349801 -0.3447217951251493 -12.821445512383086
-0.3473403244061136 0.020298310783954974 0.9375195071035615 178.26991543114295 0.10084023098710067 0.9947768132298105 0.01582216142830218 -0.06400996526723288 -0.932301346713142 0.10003533634055356 -0.3475729861535984 -13.602318643814732
-0.34996849332275587 0.019953568026627656 0.9365490147776839 180.36809107060407 0.10134744737851321 0.9947112740847356 0.016678646419700408 -0.04476187711576127 -0.9312629076438423 0.1007538306252441 -0.3501398478560207 -14.390467736171308
-0.3528469638105439 0.019684135044412115 0.9354740524989203 182.6806855210439 0.10034851118067444 0.9948085150220869 0.01691732423036137 -0.023468193882602312 -0.9302843927007224 0.099842632963065 -0.3529904365322206 -15.265957286545332
-0.35561901411923635 0.02074140008790106 0.934400908988728 184.78714473518107 0.09914648184312129 0.9949498023649183 0.01564822694922436 -0.008025994945791766 -0.92935727634382 0.09820734817530094 -0.3558795034516217 -16.071395546964666
-0.3586670455348359 0.022479550792174223 0.9331949246840902 186.89063473291276 0.09893281892291604 0.9949948391534467 0.014055905651991841 0.002701492383458905 -0.9282080064890517 0.09736497320457749 -0.35909582340113066 -16.885406014805827
-0.3619603129243307 0.023505763281003893 0.931897181968983 189.2111870365569 0.09753994539319547 0.9951494946931266 0.01278449561658363 0.010553699153359197 -0.9270763435639212 0.0955246591859898 -0.36249737216519484 -17.79200831918163
-0.3651093152016466 0.024704232827653598 0.9306368976322863 191.32529767421443 0.09648930751931556 0.9952683337640695 0.011434963361628935 0.014774128639945835 -0.925950785795121 0.09397150066447905 -0.36576543289500757 -18.627060459109888
-0.3688473688508742 0.02526011641733476 0.9291467542558688 193.66131531821227 0.09623408543776825 0.9952963447186464 0.011143968404388133 0.01918572655524883 -0.9244947138730307 0.09352599087112203 -0.36954332097391934 -19.56065294183159
-0.3723127638396358 0.0249933139366407 0.9277708152599736 195.7833242673277 0.09613668036616657 0.9952985868441023 0.011767019874184622 0.024946394923049266 -0.9231147283485032 0.09357379732419015 -0.37296514074429193 -20.418358795325574
-0.37581691980957826 0.024150179700816024 0.9263792725908162 197.91230064644975 0.09581505573922984 0.9953152589078106 0.01292329371558388 0.03374098819963399 -0.9217271697410464 0.09361785338991442 -0.3763702644547291 -21.287678217583824
-0.3798036701045837 0.023738343374640515 0.9247625683443282 200.25610866237247 0.09572032997429605 0.9953131111907834 0.013763363116705347 0.045117605337415816 -0.9201014339067243 0.09374593331311466 -0.38029581339430574 -22.256495795192993
-0.3833123111076884 0.02380706745988892 0.9233119948449974 202.38631141038096 0.09519054270532465 0.9953626696692834 0.013853427182695341 0.055302353027134384 -0.918700327225024 0.09320073847837569 -0.3838009717743456 -23.14702208015968
-0.386828589195308 0.024303977293058786 0.92183138530892 204.51983549770858 0.09439352868916959 0.9954452387950229 0.013365602360025082 0.06338855553924774 -0.917307670995168 0.09218509403764996 -0.38736081432500874 -24.048949055138035
-0.3904838237012095 0.02475605568957613 0.9202769497947025 206.8609291537307 0.09396609900467598 0.9954893192304276 0.013091545139525854 0.0725847523067498 -0.9158016243048245 0.09158685132264546 -0.3910487046113917 -25.049156727961748
-0.3933203387634984 0.02518579339230464 0.9190565432748831 208.99973066174837 0.09443228054187049 0.9954446435297984 0.013134195208785965 0.08347127984318851 -0.9145389632588051 0.09195453111720203 -0.39390697512743544 -25.969918476111687
-0.3961536690373792 0.025648139862809668 0.9178260106677488 211.36479379749622 0.09536026452510178 0.9953533709423933 0.013344959357008256 0.09853138864238559 -0.9132187857725353 0.0928107653016915 -0.39675870209848085 -26.99434194764246
-0.3986795041268735 0.025121390577119748 0.916746263054516 213.5229811609027 0.09633587853084727 0.9952414666036374 0.01462267808124044 0.11673065992249072 -0.9120163990344798 0.09414529796223828 -0.39920246443386287 -27.935195552031047
-0.40113712975713706 0.025316302823725326 0.9156681875597629 215.68734927775705 0.09748870260168054 0.9951206291588914 0.015194978069397558 0.1372809632090744 -0.9108154681313875 0.09536255255650844 -0.40164788527268164 -28.88520129415204
-0.4037903155904906 0.026292434207685803 0.9144737450214309 218.062416214775 0.0982150452420136 0.9950557804554662 0.0147580401526079 0.15817047239811793 -0.9095642073594774 0.09577421290821737 -0.40437619905074756 -29.93572555964714
-0.4063121946901948 0.02668255395167425 0.9133447228768102 220.220712595117 0.09777915566661595 0.9951035601261149 0.01442714155453667 0.1749666211501578 -0.9084874786596727 0.09516797848483415 -0.406931707871826 -30.89788223673687
-0.40892038743285913 0.027101401278087318 0.9121676224651822 222.3747521572903 0.09724673901362157 0.9951614379907019 0.014028013085881755 0.19045587488282367 -0.9073737105261038 0.0944416465127884 -0.4095773224962122 -31.866331757730823
-0.4118392255086384 0.028406213161418274 0.9108137458597786 224.74205281734922 0.09713017447748823 0.9951883248887223 0.012881314745563973 0.20404246097123846 -0.9060651433558102 0.09377250812623986 -0.41261668821811 -32.940809079285664
-0.41439653993252984 0.028931582134038326 0.909636526940913 226.89099427963905 0.09598462575464899 0.9953096275022347 0.01207054519671151 0.21299217439504659 -0.9050206197061059 0.09231309344942558 -0.4152298517031202 -33.92424879887007
-0.41701619839058884 0.029338440079354412 0.9084254981777697 229.03466030616954 0.09516757214335744 0.9953943771580205 0.011539851118319441 0.22089611209890095 -0.9039029188001605 0.09126493386052847 -0.41788764599680406 -34.91296979254012
-0.41986724024752237 0.029706254500767845 0.9070993209842455 231.39857653244525 0.09645535751873137 0.9952643372504977 0.012052553694480942 0.23233183368425295 -0.9024454156090259 0.09255504141185818 -0.42074421682135205 -36.01238080875549
-0.4222788459659907 0.028757808783942462 0.9060097700787438 233.5529404756408 0.09667390887893038 0.9952249736631431 0.013468785899072744 0.24689002853962685 -0.9012960643030548 0.09327506883376514 -0.4230425819666515 -37.01936846781962
-0.42532354064219374 0.028121101000877335 0.9046044593224329 235.91221375606762 0.09660081982302525 0.9952178507990919 0.014481440439832616 0.26471073514936 -0.8998711195275032 0.09354480937585317 -0.4260061002501872 -38.132289934822076
-0.4282333754446308 0.02813092809404982 0.9032302945511498 238.05134997662952 0.09568965299617162 0.9953075009030402 0.014369064001012533 0.2797519137216335 -0.8985875200714672 0.09258308590155485 -0.42891572829290786 -39.15089629890407
-0.43133318137868 0.027944882468455418 0.9017598947040174 240.18149744838828 0.09426296483180065 0.9954454855206992 0.014240078769434335 0.2922001209302522 -0.8972547270794694 0.09114475966583632 -0.43200283446085325 -40.17526690915651
-0.4349148786017115 0.027207561913298817 0.9000605168252753 242.51939276680676 0.09298358439645531 0.995557104581183 0.014835955050006363 0.3067380609727894 -0.8956578403879569 0.09014321076553268 -0.43551245273902944 -41.311663373939105
-0.43823902183513497 0.026782330931903534 0.8984594609734369 244.64066062344574 0.0920511625665179 0.9956379483917972 0.015220387426122134 0.32078479840327784 -0.8941325457203582 0.08937438590388393 -0.4387927441344471 -42.35320578868032
-0.44167049707016204 0.02680024273415908 0.8967770375193831 246.75373617489296 0.09141968922092673 0.9956953913831585 0.015268562286487559 0.3341781349201029 -0.892507411194771 0.08872673200443444 -0.4422193471368875 -43.40165209295462
-0.44562329458592037 0.02649540369796457 0.8948284798419599 249.07073423582418 0.09086685601845834 0.9957382071309353 0.01576826956819803 0.3492019661772696 -0.8905969688780623 0.0883369393996635 -0.44613169327401436 -44.56495508960883
-0.44941598998712934 0.02608007724665725 0.8929418975400338 251.15863205110162 0.08981577590718304 0.9958279488734859 0.016119045161821437 0.3620964144219003 -0.888795961994436 0.0874444067147063 -0.4498834047091566 -45.62668784543158
-0.45318702921305604 0.026262953267224744 0.8910285675174686 253.24326152117322 0.08937128154113315 0.9958682123341518 0.016102132426739035 0.3749778403216597 -0.8869239870860809 0.08692962334580513 -0.45366170926383786 -46.69817707600437
-0.45699919132581707 0.027030406221227064 0.8890563705221194 255.5431470612513 0.08986749129613443 0.9958265212711717 0.015917742214663067 0.391794636456029 -0.8849154999352689 0.08717164174416246 -0.4575210685585332 -47.889756038322616
-0.46041749013864414 0.027145363307260723 0.887287437753901 257.6339746619144 0.08984559410115406 0.99582467045142 0.016155368079233182 0.40811278208350715 -0.8831440275623773 0.08715706180501923 -0.46093398552402176 -48.98302687856492
-0.4642548330144444 0.02731869985133039 0.8852803348279628 259.9221339269469 0.08905470250152779 0.9958987089958171 0.01596941917776516 0.4239405077013621 -0.8812131297167619 0.08625223786620918 -0.4647836463774148 -50.19244370623384
-0.4676836372787474 0.027445961530681056 0.883469788193496 262.00159384380004 0.08852495732026362 0.9959466904704359 0.0159223940282746 0.43771348309813113 -0.8794516574995896 0.0856557495561875 -0.4682176221553015 -51.302193515827724
-0.4710765334202954 0.027992167308842318 0.8816481552861819 264.0839467231975 0.08888418941570195 0.9959155010041972 0.015871883787269205 0.45257924593921695 -0.8776026273971197 0.08584143471082153 -0.4716404817438133 -52.42358957849192
-0.4747594306945183 0.029137144740488646 0.8796332421232671 266.3766676300849 0.09031544280093626 0.9957884920516862 0.01576073825191688 0.4708903572189981 -0.8754692887169246 0.08692700577433622 -0.4753915105617266 -53.66886208579244
-0.4778394380078915 0.030740169276879194 0.8779092457890952 268.469003837977 0.09198445206620336 0.9956443679450447 0.015203754718821304 0.48827837300435595 -0.8736178823451848 0.0880189352400673 -0.4785857617198123 -54.81378954520085
-0.48077722726281896 0.03194000104032788 0.8762609337117542 270.56164283293344 0.09322569552440285 0.9955340661450525 0.014862498222701808 0.5047570222707 -0.87187275462515 0.08883556623782009 -0.4816077356401895 -55.967714826828875
-0.4838366533470711 0.033286154479900944 0.8745251592422734 272.8645493331482 0.09473787545406943 0.9953962453688938 0.014527583862758197 0.5231832288845059 -0.870015345388779 0.08987961353221234 -0.48476264653596357 -57.24703765268632
