1.0 0.0 -1.88079096131566e-37 0.0 0.0 1.0 0.0 0.0 0.0 0.0 1.0 0.0
0.9999963907901521 -0.002367609259158298 -0.0012699663803598805 0.001624033098143643 0.002369596195042921 0.9999959674287583 0.001565298129554463 -0.02724825820234065 0.0012662550266254809 -0.0015683014825754694 0.9999979685124296 1.4841964879249785
0.999988972433294 -0.0037841859036618023 -0.0027811726159392446 7.146485049152453e-05 0.003793709793485991 0.9999869312241595 0.0034271235595292075 -0.05558661771916878 0.002768166918546655 -0.0034376360590203728 0.9999902599070499 3.1088039118692405
0.9999854147159621 -0.0035007830483848273 -0.004112766893671226 -0.00475842186287999 0.003516040775553472 0.9999869422781269 0.0037084709723613327 -0.07971234931662438 0.004099729933738563 -0.0037228768091905748 0.9999846660815153 4.5796645408713905
0.9999807459024713 -0.002615311798374651 -0.0056274291622546 -0.013041214675391051 0.002634781951487823 0.9999905596260122 0.003455228181010975 -0.10541850654483215 0.0056183385781190314 -0.0034699880137553764 0.9999781964850565 6.190748176420185
0.999973069497425 -0.002450980882950967 -0.006917584042686124 -0.02201523775522989 0.0024765074580348134 0.9999901477042582 0.0036839411787291973 -0.12835759103851144 0.006908485440408996 -0.0037009726780458663 0.9999692873365643 7.649954211937925
0.9999619039114993 -0.00257199704773637 -0.008341196425992964 -0.032791811008758276 0.0026058315896358786 0.9999884116822948 0.004047982366237528 -0.15134220255315337 0.008330686946752128 -0.004069563091492982 0.9999570182222367 9.105630642808201
0.999941614166276 -0.0036617178197265493 -0.010166615993411366 -0.046660467418276064 0.0036991105404141546 0.9999864544914897 0.003661617513386928 -0.17626695459465175 0.010153068746446156 -0.0036990104116569568 0.9999416145402347 10.70091073120366
0.9999200772495688 -0.004931544550704029 -0.011641261848353469 -0.06115712954605087 0.004972637480198363 0.9999814985893698 0.0035036259471556614 -0.199067333141874 0.011623766209957295 -0.00356123297220365 0.9999261000912132 12.150246420014092
0.9999003293069173 -0.005714398346042147 -0.012910348538115495 -0.07765956916104542 0.005760274537632093 0.9999772175387591 0.0035190463162283517 -0.22183989141236976 0.012889942991996797 -0.003593061980861796 0.9999104656083284 13.589618244614488
0.9998848518835105 -0.005254882627274319 -0.014236192972238902 -0.09886342004271666 0.005304843348848223 0.9999798950755228 0.0034739205612717766 -0.24689067884239274 0.014217649301555908 -0.0035490405803407935 0.9998926255899384 15.172676754612437
0.9998766424612147 -0.004563738252891353 -0.01502904430234142 -0.11941201652371228 0.0046197926430878965 0.9999824942481952 0.0036971271589124172 -0.2690677081403939 0.01501190594318983 -0.003766101373994499 0.999880222379291 16.607559676772336
0.999874350504407 -0.0029050152071134474 -0.015583456845037195 -0.14150633210584523 0.002972869782705635 0.999986194061663 0.004332868894459222 -0.29066223639518407 0.015570652008629704 -0.0043786511537256875 0.9998691825190735 18.039394380000275
0.9998680669072851 -0.0016531589187071412 -0.016159080935518908 -0.166240071998785 0.0017376378031815644 0.9999848904824735 0.0052153075109313855 -0.3132019480264998 0.01615021230277885 -0.005242696993972489 0.99985583196178 19.6124142966991
0.9998600267263914 -0.001375995369551118 -0.016674341048925435 -0.18868250008080717 0.0014709536763271294 0.9999827643660091 0.00568394887694017 -0.33262795079180063 0.016666229734790018 -0.005707679292353066 0.9998448175176502 21.033006447852316
0.9998521266579258 -0.0010585075901360895 -0.017164045079838403 -0.21397236471065373 0.001156506009093302 0.9999830827081502 0.005700596221711296 -0.35347858276070276 0.017157717669124634 -0.005719602405221031 0.9998364360247031 22.591861984586956
0.9998470740545049 -0.0004979828332175801 -0.017480863510760194 -0.23756699772585424 0.0006010430439346522 0.999982468205443 0.005890842913207078 -0.37207971912240706 0.017477620528795427 -0.005900447593852654 0.9998298442366501 24.00363667783328
0.9998458088687051 0.00042603586569579105 -0.017554972542696348 -0.26135462082053385 -0.0003050718076424287 0.9999761985941991 0.006892689632953048 -0.39005294920949235 0.017557488251734834 -0.006886269915782239 0.9998221410926038 25.40961524244545
0.9998472991563707 0.0009749154829560996 -0.017447865006830408 -0.286840918166686 -0.0008531523800571472 0.9999752422668269 0.006984767275758351 -0.40947253661369853 0.017454239620640116 -0.006968813594208351 0.9998233769436934 26.949286044120072
0.9998477789734864 0.0012241501524800726 -0.017404609268728062 -0.309674681926655 -0.0011324816248048108 0.9999854416306702 0.0052757936112605075 -0.42741588938726305 0.01741081128961359 -0.005255279039313729 0.9998346091332819 28.340246007228274
0.9998516592080549 0.0006890749237484775 -0.017210021332331807 -0.331494215702336 -0.000619123035238354 0.9999915274795398 0.00406960026827663 -0.4460748643960491 0.017212676858647157 -0.004058340605952299 0.999843614550162 29.72557294462832
0.9998575779116362 -0.0006676318261920008 -0.016863517600581347 -0.35410279795661387 0.0007592748185278569 0.9999849769247792 0.005428575219037991 -0.46632258431027085 0.016859637103027146 -0.005440604997330167 0.9998430638786071 31.243669679132793
0.9998598604866265 -0.0018091484654451108 -0.01664290910502194 -0.3742214299764282 0.0019337765217417625 0.999970189662869 0.007475313232051415 -0.48378550043911117 0.016628886187861038 -0.007506447800266058 0.9998335528064843 32.61541374645776
0.99985861284432 -0.003428663367524201 -0.016462035934460106 -0.3955768938780893 0.003556926981507477 0.9999634984662056 0.007768528437913938 -0.5014615438564558 0.01643479657387822 -0.007825982756244586 0.9998343119679826 34.11054001133672
0.9998622451624648 -0.003771914339458609 -0.016163644217351412 -0.4151751188142175 0.003877845388081992 0.999971177717682 0.006527333231819322 -0.5177512866466424 0.016138555055830804 -0.006589112841008574 0.9998480537407253 35.455724374365836
0.9998709781223396 -0.0033636625786199934 -0.015707097654844803 -0.4345526110501624 0.0034485187857139204 0.9999795897973246 0.005378450772367248 -0.5349221867991132 0.015688683110068942 -0.005431921947506923 0.9998621701947084 36.788389124606674
0.9998838725501673 -0.0027715237053886187 -0.01498532965597686 -0.4546762037681654 0.002838839249053565 0.9999859679388606 0.00447268794434971 -0.5557236671671552 0.014972720678252652 -0.0045147085549409344 0.9998777100162493 38.23773159621579
0.9998991758061971 -0.0020813148124128587 -0.014046579133257261 -0.47149897239534877 0.0021425077581910517 0.9999882748741497 0.004342785860580069 -0.5750541778406941 0.014037373346544946 -0.004372442008790086 0.9998919110841427 39.54358022865263
0.9999181507702654 -0.0015047754750268263 -0.01270540997648997 -0.4860629907274341 0.001580492959066787 0.9999810404944061 0.005951529504062683 -0.5935563351951613 0.012696211207115362 -0.0059711219866513615 0.9999015710967609 40.82982587636519
0.99993727122187 -0.0017084022552571292 -0.011069553028151425 -0.49886472771226914 0.001793795207854663 0.9999686772107829 0.00770888507264747 -0.6127235120593487 0.011056034526052522 -0.007728256484320769 0.9999090149199226 42.22618559141816
0.9999562552280298 -0.0016911386406816597 -0.009199331104252055 -0.5078639080253949 0.0017689948520122748 0.9999626344458251 0.00846170096005079 -0.6279142324569932 0.009184675872877282 -0.008477602707813843 0.9999218829265359 43.477213027095395
0.9999797769416595 -0.0015987612878005505 -0.00615545864400582 -0.513250634502767 0.0016519110044949975 0.9999613171213717 0.008639181901767226 -0.6433650017258553 0.006141407472161232 -0.008649173774619733 0.9999437358637773 44.83283312114205
0.9999937388714196 -0.0021611812093606324 -0.0028020528612421516 -0.5129241286228364 0.0021821396600032596 0.9999695063900926 0.007498304647397504 -0.657131386999024 0.0027857617213492233 -0.007504370718561586 0.9999679614613294 46.04645752473619
0.9999955834941406 -0.002643869158816182 0.001357543239535474 -0.5081405457853059 0.0026358640930199103 0.9999793262955881 0.005865084887228778 -0.6749192129877466 -0.0013730214823732324 -0.0058614795666189394 0.9999818787732646 47.47993751835503
0.9999850515811352 -0.0027062873228812694 0.004751062728772123 -0.4984625522775245 0.002678437036230107 0.9999792516074236 0.005858527877966081 -0.6855325516918753 -0.004766818230350285 -0.005845713779558851 0.9999715521360187 48.54538211197612
0.9999548485118537 -0.002508730835862751 0.009165543469594398 -0.48399305263449494 0.002451955059405134 0.999977770740257 0.0062004805566471515 -0.6996884854879626 -0.009180893539076756 -0.006177725949775831 0.9999387715748632 49.719634833872874
0.9998900744058562 -0.0016135929011652254 0.014738908542724728 -0.46294765720154973 0.0015307883139996808 0.999982992968691 0.005627652233075219 -0.713375887879741 -0.014747736152813424 -0.0056044704491685585 0.9998755393436632 50.88158357691639
0.9997573354211511 -0.00020385710017838728 0.022027908743277223 -0.430937678198439 9.30445864926969e-05 0.9999873378018466 0.005031458563584773 -0.7273836597931406 -0.02202865182644703 -0.00502818715808117 0.9997446953029052 52.14655533692325
0.9995644946969432 0.0009257430434414986 0.029495153076503397 -0.3926820018342304 -0.0010931012867349337 0.9999833932595017 0.005658473414904192 -0.7395016123068694 -0.02948942001775057 -0.005688249342778129 0.999548907170575 53.28448395743192
0.9992246721404049 0.0025523890763768397 0.03928791320071804 -0.33869145223286967 -0.0028095433841092347 0.9999749827408374 0.006491558433741943 -0.7525137979816241 -0.03927035474986368 -0.006596905343617603 0.9992068453916245 54.5188646405946
0.9987195182415088 0.004594599199452954 0.05038069013866196 -0.27630619217589225 -0.004943349767564971 0.99996466177351 0.006799886178019667 -0.7633554630461876 -0.050347658566354876 -0.007040227280677309 0.998706938057783 55.61900870875481
0.9979588962041059 0.006510860579462213 0.06352677253632436 -0.1989641714373239 -0.006971980769462705 0.9999509158555785 0.007039694728404021 -0.7734890250410136 -0.06347780924093331 -0.007468232249456902 0.9979553059409157 56.69867629641325
0.9967719390467744 0.008804062909347451 0.07980094637195943 -0.09508575882899294 -0.009465254151240717 0.9999239094616638 0.007911015698977088 -0.7826292747838803 -0.07972521179503986 -0.008640813371239517 0.9967794269512431 57.86360082669177
0.9953365995229171 0.009959009303828986 0.09594724220039223 0.017458055602790287 -0.010883038214819611 0.9998992595166355 0.009112091210296387 -0.7898469101579634 -0.09584681291632122 -0.010113793841816585 0.9953447132611736 58.90687471928375
0.9934877743576351 0.009873170385881442 0.11351019692481092 0.1498675684084511 -0.011022000893554183 0.9998941479548313 0.009497804508329044 -0.7960343212005647 -0.11340438912622924 -0.01068706057648125 0.9934914339123327 59.93614522241159
0.9909218965138203 0.00895444175686142 0.13414028442573858 0.3184767217699567 -0.01020044604531796 0.9999109533295198 0.008604430588433095 -0.8019076824534717 -0.13405126925133162 -0.009894608072392116 0.9909249977198261 61.0465235701242
0.9880838724037571 0.0075238816169520195 0.15373241732908452 0.49240686223758273 -0.008822912610158749 0.9999308935296256 0.007769446686596631 -0.8069100680230187 -0.15366331115856344 -0.009033231561560549 0.9880819721919898 62.04092315549233
0.9843305024299042 0.003027718502311597 0.17630740181360213 0.7091734980273909 -0.004641537638937678 0.9999510176681754 0.008741759109538448 -0.8107284936702845 -0.1762722685963342 -0.00942311650948529 0.9842963411554732 63.130881013382975
0.9802365724777435 -0.0015196937695844048 0.19782304928439048 0.9281963856398658 -0.0005948801490512954 0.9999433298778879 0.010629353121615904 -0.8121610749637376 -0.1978279586716755 -0.010536960486307426 0.9801801186077049 64.11263005226135
0.9754217498060963 -0.006824179550234951 0.2202404331801644 1.1690046057811805 0.004444326403028661 0.999926283097726 0.011299397149207245 -0.8132702034044591 -0.22030126973776717 -0.010042856367312647 0.975380173940635 65.08399122731855
0.9692070007175361 -0.013007881977238029 0.2459036285406365 1.4587858845628112 0.010879425457578718 0.9998906906915559 0.01001223588374262 -0.8132485891920187 -0.24600694549892008 -0.007028638603463683 0.9692425760074171 66.14239344856729
0.9625976314188388 -0.017856361801016844 0.2703460045032975 1.7450744732578787 0.01588491919185292 0.9998288974832067 0.00947867301589583 -0.8136110966382896 -0.2704689566280097 -0.004829723972199608 0.9627165757915088 67.08701254241062
0.9541911156324515 -0.021147337624310054 0.2984495257432372 2.08409915755118 0.018752223883657843 0.9997648882725757 0.010886801594030158 -0.8128906523639619 -0.2986095332717309 -0.004791497370503229 0.9543633341464476 68.08376701114679
0.9454633975734393 -0.024864574835640883 0.3247779763640756 2.416789703958029 0.021524468430089722 0.9996720572253592 0.013873552859070291 -0.8082848598267118 -0.3250163729594873 -0.006126263312008096 0.9456885369056609 68.96591893752213
0.9356836110525818 -0.028917081768658703 0.35165324192650727 2.7727415786890695 0.02519396393003706 0.9995676286356494 0.015159822319627642 -0.8028289896064225 -0.35193951560166614 -0.0053252586501398025 0.9360075846717115 69.83330661510347
0.9236740122759379 -0.030068150460934542 0.3819977084461568 3.1877244341405397 0.02693803677968783 0.9995453925599457 0.013540703280313798 -0.8004990713821628 -0.382231128871341 -0.0022169285774095836 0.9240640806819364 70.74664254610755
0.911635282193166 -0.03096179771443163 0.4098322912027791 3.589484929725711 0.029924563717029763 0.9995121249295513 0.008946109882376999 -0.8021930659962802 -0.4099092627135498 0.004108460611344853 0.9121170369237321 71.56140714519817
0.8986938343458887 -0.03239617175167219 0.43737845355723187 4.015033879639547 0.03356056984018109 0.9994238336726933 0.005068446422357759 -0.8073965775333085 -0.43729057525807874 0.010123684832477001 0.8992632718031586 72.37893884640403
0.8830764347662311 -0.034236312753987704 0.4679785479661208 4.511275624403595 0.03601765345962438 0.9993379146879686 0.005144049143307123 -0.8110572417041128 -0.4678447405311728 0.012312896295152044 0.8837248751166953 73.25706346539016
0.8672136601561911 -0.03423100527686984 0.4967582376649683 4.984420838306117 0.0339983101751707 0.9993766107664237 0.00951341563663788 -0.810205512631166 -0.4967741338601145 0.008638772952722607 0.867836845518104 74.0020269575423
0.8477352736789875 -0.033872703201461886 0.5293369363020503 5.529801932875329 0.03059525740418681 0.9994199669595366 0.014955272215092014 -0.8058791405789533 -0.5295363895374727 0.003517085197586198 0.8482799040245352 74.76830644924162
0.8282382568690353 -0.03128035732991702 0.5595024406074932 6.047555578735015 0.027729045146628023 0.999505431321351 0.014832163884815971 -0.8044161810093888 -0.5596895891804058 0.003229899980883159 0.8286960113914952 75.42102315816304
0.8077463519035777 -0.025511525780511884 0.5889779713381551 6.583360525794073 0.024948282796859664 0.9996474643023338 0.009084631387898636 -0.8140181380104106 -0.5890019989964929 0.007355907339617383 0.8080980620534274 76.0522012536623
0.7843344803145625 -0.020488571608666704 0.6199997624650971 7.203048821550247 0.02283379394323961 0.9997306566751747 0.0041511639387730405 -0.8270019113986038 -0.6199177164704645 0.010901041232933305 0.7845910577290373 76.75583000655024
0.7624242408709618 -0.020921383895211965 0.6467392383079474 7.79700198541351 0.02340236630627702 0.9997148363973862 0.004751352196995731 -0.831590233553576 -0.6466541075510523 0.011512677677255612 0.7626964360030005 77.414717207378
0.7395434355728531 -0.021927881000288106 0.6727516261267895 8.412142314901343 0.02291040478940617 0.999710135615535 0.0073998855403031765 -0.8323757822954614 -0.6727187696826287 0.009940470721452283 0.7398314458254529 78.05681867986723
0.7132391306915438 -0.021794077636106864 0.7005819313973334 9.10989467157927 0.024015431729603826 0.999689473069339 0.00664956308991541 -0.8357294838137892 -0.7005091847199657 0.012082043859283617 0.7135410458782356 78.73259423386425
0.688601876901622 -0.019741889974755525 0.7248708855615333 9.758702522466727 0.024454227243500996 0.9996929642597998 0.0039960229208196646 -0.8435066996974887 -0.7247270910254996 0.014974482750949106 0.688873225167947 79.31657575963382
0.6605470714414348 -0.017381382022228317 0.7505834718516639 10.495340079298568 0.02347024823995935 0.9997214204223827 0.0024958380056376898 -0.8522670926891914 -0.7504176290908312 0.015967755926230207 0.6607710028909333 79.93052280793891
0.6342083189118806 -0.01596379757016182 0.7729974549869856 11.186980431293355 0.022897169003933356 0.9997360947460893 0.001860300964479037 -0.8598689579360989 -0.772823023936692 0.016519628844058203 0.6344064748280304 80.46668794686688
0.6071348475121329 -0.012636931779822756 0.7944983893198574 11.898541193304258 0.022295398843806827 0.9997507814189364 -0.001135978929070411 -0.8715029881583571 -0.7942858962143758 0.018403344262266634 0.6072652847390191 80.98317179020867
0.5761767567744165 -0.004432280493084046 0.8173131663175921 12.698056218672509 0.02081578463527692 0.9997405107386222 -0.009252811488443055 -0.9043114329186555 -0.8170599333592863 0.022344262340853866 0.5761195075880428 81.50629880338738
0.547095750459966 0.003740396432741235 0.8370617461168387 13.442228391958276 0.020133045655900187 0.9996419343144807 -0.017625660468468002 -0.9457305460930264 -0.8368278087226002 0.026495518019248966 0.5468245497873248 81.94896075086109
0.5171630068365649 0.010461175070230207 0.8558230606373877 14.2073476883051 0.018574268160251026 0.9995526286139083 -0.023442259048691287 -0.9907926363083949 -0.8556852790150405 0.028019747587099783 0.5167373353681036 82.3661688337838
0.48326478908559506 0.013122451342507894 0.8753759612768792 15.072895481609937 0.016158523340706034 0.9995836406337738 -0.023904974357099023 -1.0260969676056597 -0.8753250344097697 0.025697207071432675 0.48285153899045496 82.79509396422542
0.4518457060223006 0.012151383641559165 0.8920134166516485 15.880713696537565 0.012925465112001369 0.9997130941321491 -0.02016586229480899 -1.0538880014346999 -0.8920023853599828 0.020641539287880047 0.45155900774591995 83.16017746322422
0.4161517459985646 0.012102772929260363 0.9092147084747144 16.78464759844355 0.008246126196426904 0.9998200677733302 -0.017083139054046702 -1.0836306178541752 -0.9092577113832523 0.014606671192519481 0.4159770671207067 83.52372377754186
0.3828888136094889 0.013934412009909948 0.9236894131677756 17.61647071316808 0.003241334451961121 0.9998598123450289 -0.01642709706306996 -1.1135179282046956 -0.9237886694130646 0.009283732836658289 0.3827899724855988 83.81692491538396
0.34872219730310733 0.01648948362896749 0.9370811457382402 18.463334354942436 -0.0029722870875010135 0.999859644463191 -0.016488084786353444 -1.1467349748351159 -0.93722134314198 0.002964482968237748 0.3487222649660309 84.07728526709708
0.3107243120668106 0.017166611151847165 0.9503451274523433 19.41273854821486 -0.007036498586497339 0.9998510404690207 -0.0157602213593908 -1.1800464404193158 -0.9504739537955376 -0.0017900213136850046 0.31079882085220256 84.33537159923517
0.2758720089989785 0.016670300781395288 0.9610498900316997 20.297777844249566 -0.009079418260237275 0.9998501803442948 -0.014737062852714483 -1.2052576934830659 -0.9611514150677882 -0.004660233355874524 0.2759820358992169 84.54897722314537
0.24104528763499272 0.016156390140759744 0.9703794612680143 21.19694969782338 -0.009297665508070386 0.9998539831438968 -0.014337565854809168 -1.2294749067522592 -0.9704692491794448 -0.005566263367577243 0.2411603090016215 84.73911142202802
0.20324930308089584 0.015168892862752978 0.9790095948719618 22.204537637493274 -0.008347556951449876 0.9998704942092366 -0.013759109477326729 -1.2541779221249332 -0.9790913528239247 -0.005375811383420611 0.20334960565884674 84.92313006080083
0.1694176213700386 0.01377487035493423 0.9854481650777269 23.138004390592815 -0.0035593625385766515 0.9999043489393002 -0.013365026697315126 -1.2735362228230949 -0.9855378412223604 -0.0012432994880962511 0.1694504475004916 85.06686355984701
0.133258747170206 0.014800686946266519 0.99097084285603 24.178259658746327 0.0017572008645374967 0.9998833833373535 -0.015170104076735032 -1.2970617202438897 -0.991079639940801 0.003762879695390186 0.1332172005495616 85.20104076173511
0.10111528793791891 0.019287460579463414 0.9946878199254907 25.120697999139743 0.002862878752908829 0.9998022771808852 -0.01967766764214864 -1.3314745214671742 -0.994870511875433 0.004837379274274121 0.1010400788268067 85.2803937964397
0.07102541556870774 0.023372142652756615 0.9972007324810854 26.07125033246285 0.007105413588480035 0.9996882292002484 -0.023936535083616834 -1.3663484232727392 -0.9974491142589401 0.008785620866449934 0.07083720452397965 85.3340402104837
0.041803143588724404 0.024460895591408217 0.9988264763818153 27.135586815581963 0.011620615260925914 0.9996207406705419 -0.02496670563547965 -1.401543492151606 -0.9990582015449698 0.012650659132860755 0.04150304004361617 85.37561330744434
0.018333808726379398 0.022482451125292853 0.9995792011060401 28.10786386317117 0.012982907899591447 0.9996575109736444 -0.02272234830304483 -1.4295880795604499 -0.9997475416062064 0.01339402592577949 0.018035643351813183 85.38843013423956
-0.0020143641187173105 0.019249431799565557 0.9998127676016649 29.085879458319265 0.014071355481819842 0.9997162688892663 -0.019219232671279486 -1.4534008526364819 -0.9998988802162593 0.014030000260715268 -0.002284656829724706 85.38307453361912
-0.02112189981705968 0.019199555117537823 0.9995926224853859 30.166946099412034 0.015045043413454128 0.9997084804998817 -0.018883879970429195 -1.480893058058805 -0.9996636151673791 0.01464004480641731 -0.02140459916330813 85.36206869689018
-0.03636933461548867 0.022906695299005818 0.9990759346209662 31.148830231037742 0.01714581977941315 0.9996044063335586 -0.022294662879719315 -1.5125124554746925 -0.9991912349581071 0.016319127388649393 -0.03674769986333017 85.32757211053986
-0.049466041623163315 0.027339966609103313 0.9984016251257908 32.1361295796259 0.02058453390840507 0.9994408587843672 -0.026348569683466175 -1.5491658900536622 -0.998563578132626 0.019248265639053398 -0.050001162254355316 85.27969961322584
-0.06091227969660061 0.03153071315375933 0.9976450652185435 33.22882364517179 0.025400513369741435 0.9992262121277125 -0.03002984147406746 -1.5911711005763705 -0.9978197934762888 0.023511502889008114 -0.061666041486627896 85.21522009359542
-0.06814487761603626 0.035880884767187794 0.9970300925205917 34.226852116515595 0.02997719076922121 0.9989754856560372 -0.03390203022507958 -1.633918163385423 -0.9972248874003711 0.027577902991438537 -0.0691506690193809 85.14879132343265
-0.0729579687737549 0.040721033014177926 0.9965034368726059 35.22353777194203 0.03253267477349323 0.9987315663479417 -0.03843024994383786 -1.6843589115707307 -0.9968041895863794 0.029615120271218143 -0.07419018924133071 85.07467382532867
-0.07648663328011125 0.04528884675967968 0.9960416068382458 36.3187400231303 0.035049369528343165 0.9984726209784385 -0.042707933815210264 -1.7455712564225752 -0.996454298631987 0.031644034914115125 -0.0779571534197058 84.98684931544959
-0.07918723384238618 0.048589723232508854 0.995674940892311 37.31650415831112 0.03607749316276375 0.9982967193758474 -0.0458483958160191 -1.8035763920584647 -0.9962066197375032 0.032290838755439456 -0.08080534986594261 84.90183695434014
-0.08184012232245658 0.051705298589906454 0.9953034328620566 38.412539401905924 0.03660217721258655 0.9981355941439564 -0.04884278063269198 -1.869747890942234 -0.9959730457247009 0.032432963990419415 -0.08358006432113811 84.8040184904984
-0.08394632763837899 0.05522261736909437 0.9949390149451088 39.40948787606989 0.037644000252360074 0.9979262535303843 -0.05221228529675967 -1.9355619413173846 -0.9957588946154563 0.03307044530623816 -0.0858510431641703 84.7104878145629
-0.08582687305219922 0.057993894831469835 0.9946208437178141 40.411916771959305 0.03953435966158095 0.9977164202757639 -0.05476294523815622 -2.002021552748663 -0.9955252961306613 0.034621555905065424 -0.08792363074981129 84.61196784409756
-0.0879767947185072 0.05827211060564309 0.9944167191787017 41.51427796929157 0.04047639116681919 0.9976721096520749 -0.05488191365102706 -2.0735751064375014 -0.9952997429906054 0.03542205519818342 -0.09013063783962111 84.50143527595267
-0.09016093564591594 0.05712708541167503 0.9942875179875936 42.52194806163597 0.04031207749891093 0.9977446761555925 -0.05367027712986742 -2.136786991177382 -0.9951109361303176 0.035242823056254605 -0.09226050374067864 84.39998280814424
-0.09217432246018116 0.0575233631171677 0.9940800387971338 43.529693866133236 0.04030397229358483 0.9977273577068286 -0.05399731978798286 -2.203504990888469 -0.9949267899079777 0.035088197985071796 -0.0942832619387046 84.29607563027413
-0.09448879328188378 0.05933683956663603 0.9937560937465147 44.64049938875044 0.03956514318141705 0.9976572984255534 -0.05580784371904694 -2.2826841117641234 -0.9947393129034441 0.034044876542178235 -0.09661510350030802 84.18057195458306
-0.09698634352905693 0.06138267532356479 0.9933911528957922 45.65313167845953 0.03828461040072259 0.9975877861427568 -0.05790421969759837 -2.3598562184401985 -0.994549029001977 0.03241566525242461 -0.09910240224798017 84.07554291468558
-0.09965926864000703 0.06441752736406929 0.9929343273788698 46.76881750268073 0.036270504389468675 0.9974741622747819 -0.06107165689843716 -2.452820466692526 -0.9943602536631998 0.029927863233128557 -0.10174400042031269 83.95882368507296
-0.10189506435953775 0.0682096732339322 0.9924540303210515 47.785267766749804 0.03359029981394135 0.9973135605234619 -0.0650949691024205 -2.5469617221841956 -0.9942278013833118 0.026703964002605232 -0.10391251152314686 83.85088624727149
-0.10416981528155929 0.0715879890016853 0.991979826005483 48.80632359743273 0.031048791456823724 0.9971540291674608 -0.06870091691937605 -2.6411131504523464 -0.9940746730566768 0.02364320515321216 -0.10609607028071749 83.7417248940314
-0.10687053546807143 0.07224976429144725 0.9916445057990279 49.93981531617949 0.029042776359262286 0.997157600834953 -0.06952148993592297 -2.741788981507464 -0.9938485998122156 0.021370303425425476 -0.1086650992064481 83.61783827474308
-0.10966269406675351 0.06952036802988745 0.9915347586512979 50.975735939913626 0.025910119720159212 0.9974120046546057 -0.06706683153006512 -2.826259452759026 -0.9936310144418596 0.01833604813111359 -0.11118016729170346 83.50724965282006
-0.11240760706536325 0.06645331845040187 0.9914376692375996 52.017749448741654 0.024566034682109578 0.9976420996943043 -0.06408394485597775 -2.90411038399498 -0.9933583812218588 0.01715216275990073 -0.11377505436471029 83.39154006272233
-0.11468961757679505 0.0655768542070009 0.9912346510256687 53.16473344298142 0.02411127810077855 0.9977086049592001 -0.06321540130554493 -2.9899565421759706 -0.9931086404343719 0.016649777717161755 -0.11600795882829888 83.25612573716323
-0.1162248814981625 0.06715715710755436 0.9909499778739067 54.20754202284008 0.024729263578832695 0.9975978298515229 -0.06470729902641523 -3.071749218878298 -0.9929149381130563 0.016984858557632623 -0.11760643530230211 83.12846340330606
-0.11711157779664419 0.06983077889835315 0.9906607421467511 55.25382502687313 0.025605094405675443 0.997405571718958 -0.06727931236144157 -3.1581296937783927 -0.9927885431525626 0.01748676883241885 -0.11859576260200799 82.9964318882568
-0.11767004808118622 0.07189731361641481 0.9904467180832689 56.40620827501595 0.02541120483999497 0.9972670638468114 -0.069373448228757 -3.2575439521753924 -0.9927274874823027 0.01700526097171193 -0.11917545942675507 82.85462652728881
-0.11778851526120075 0.07152395200931108 0.9904596686644277 57.464060645100545 0.023523288935960927 0.9973238911875937 -0.06922219445723785 -3.347318912058575 -0.9927599682141656 0.015145283338039599 -0.11915577767498864 82.73032438871267
-0.11779520832825263 0.07058281374649081 0.9905263856232738 58.63487365431766 0.0199555098430328 0.9974376126672728 -0.06870216645552822 -3.445814155554657 -0.9928372980672447 0.011673667574330072 -0.11890188611786968 82.59879212846973
-0.1178749238571466 0.07075416518142201 0.990504677295513 59.703315129293244 0.016444896580471668 0.9974607267621043 -0.06929404836776999 -3.5387540561870923 -0.9928921903183998 0.008120711534053311 -0.11873915084875934 82.4812900776112
-0.11805585057320009 0.0714859123742789 0.990430586036947 60.77727485705558 0.01286071170698434 0.9974318174875728 -0.07045830506888844 -3.633352937836733 -0.9929235882599665 0.004419623037568443 -0.11867202001230504 82.36488148483475
-0.11839020543281856 0.07127226435672764 0.9904060727118188 61.96164057201969 0.008593713663515364 0.9974568890001969 -0.07075241222923286 -3.7386448663985985 -0.9929298772953725 0.00013487034317119116 -0.11870161812744325 82.23809165405585
-0.11870567373759487 0.06873299375404752 0.990547779730258 63.04564341143415 0.006875987481568727 0.9976342328376593 -0.06840072622955441 -3.8265651883984146 -0.9929055935539396 -0.0013085631196386727 -0.11889744965010443 82.11778363694188
-0.11895887204703849 0.062435921582287494 0.9909342601607161 64.13601909284004 0.008095878119868113 0.9980487577350491 -0.06191231590012993 -3.902165661499741 -0.9928660923930704 0.0006574603869595893 -0.11923222676802729 81.98780940084062
-0.11914188960538154 0.05423350870287545 0.991395028420806 65.33403102395364 0.011823665074892535 0.9985137684485255 -0.05320202916994841 -3.9730173105885465 -0.9928067510898528 0.005383328231780504 -0.11960605469730654 81.83460152659828
-0.11871214260076784 0.0527022114002533 0.9915291573462274 66.41534418793378 0.01848010951566196 0.9985346963971251 -0.05086203298693093 -4.03476196252542 -0.9927566402151654 0.012285620921325225 -0.11951213459757606 81.68319722262343
-0.11760709995922174 0.057005649341986105 0.9914227613272056 67.59650563368275 0.02599162422884837 0.9981857146831253 -0.054311282228839866 -4.1133837912605715 -0.9927199199480096 0.019381288524391093 -0.11887539523949386 81.51229881612254
-0.11664907962954812 0.062211067255585506 0.9912229521813882 68.678855857482 0.030100983139551726 0.9977992335355597 -0.05908148126276102 -4.202076262201639 -0.9927168564045483 0.022944977335057636 -0.11826497523946258 81.3667584960271
-0.11578899271486288 0.0668726474139715 0.9910202438381767 69.76999974566476 0.0330332226586151 0.9974384118582226 -0.06344621304044243 -4.292459629609526 -0.9927243068038027 0.025390211183489043 -0.11770140676815907 81.22780274929977
-0.11529297477516924 0.06833778561058186 0.9909781241305549 70.9879882041355 0.031878112036503516 0.9973713928197236 -0.06506990078180101 -4.391800069461171 -0.9928197972739505 0.024088401396478533 -0.11716839313229974 81.08661045838093
-0.11512251352564197 0.0648244616985136 0.9912339590788407 72.11082100203599 0.029998594771567424 0.9976401480874411 -0.0617593746738181 -4.472342215795141 -0.9928981443643397 0.022625723853228568 -0.11679548290760777 80.96299459819792
-0.11482806171258046 0.06168962796504844 0.9914681395420589 73.23840317974485 0.028488585984934662 0.9978638958345142 -0.05878815266311207 -4.549200549649505 -0.9929767120004127 0.021494988374371887 -0.11634022598630117 80.83931813945277
-0.11467432617188933 0.06069348645201131 0.9915474095238443 74.48349686025071 0.02650487413129298 0.9979634603382475 -0.058020896870710166 -4.637406788894071 -0.9930494068282804 0.019627325041280386 -0.11604945927897592 80.70471808341247
-0.1144374519931716 0.06315723176890398 0.9914208991716108 75.61316508238166 0.02581259357134623 0.9978291681113627 -0.06058599122106713 -4.724351967485041 -0.9930949669675095 0.018657831463176476 -0.11581927818088601 80.57977330168762
-0.11394017344809769 0.06767720176153645 0.9911799023318908 76.85320846164538 0.026865827936531597 0.9975221188246528 -0.06502192648059317 -4.827575765580039 -0.9931242107488527 0.01922025222000379 -0.1154760460026079 80.43717447900494
-0.11339125718185714 0.06884406973685475 0.991162490409063 77.98649033237272 0.026424890432626944 0.9974525627801337 -0.06625791557534726 -4.923205068801997 -0.9931988631416683 0.0186782850595906 -0.11492159578088426 80.30826483229903
-0.11288367557071344 0.06438876891069006 0.9915198071194488 79.13092025140821 0.02730111217898731 0.9977223124420921 -0.06168336586479101 -5.003145212656208 -0.9932329831601152 0.0201065413386544 -0.11438444553561632 80.17664426881817
-0.11273506607654062 0.06007246006525948 0.9918075772151632 80.39801894533181 0.02757383918657703 0.9979754691861575 -0.057311842453974325 -5.085890017974808 -0.993242327954107 0.020886881056482974 -0.11416325751655283 80.03377379787752
-0.11271368801979278 0.06092780530718908 0.9917578297422064 81.55271323966814 0.026356464399196186 0.9979503751651292 -0.05831283301661161 -5.171222591454413 -0.9932778035752946 0.019566568482288507 -0.11408850747852302 79.90766979454621
-0.11248002595909523 0.0640471151891225 0.9915878057453884 82.711760027234 0.025201955175069554 0.9977834002262781 -0.06158854406870022 -5.2636222852636605 -0.9933342533879936 0.018062463705554668 -0.11384481398819449 79.78128828488683
-0.11219146166091826 0.06558655153474385 0.9915198666002943 83.9875348729128 0.02457865810263324 0.9976972834713682 -0.06321409042116313 -5.364825752065117 -0.9933825039820856 0.01727814006099821 -0.1135451446579545 79.64107495884873
-0.11211637047289398 0.06345829303090236 0.9916668443856885 85.16127828284796 0.02370312451443914 0.9978456401725705 -0.06117386144342036 -5.448925198378737 -0.9934122583657525 0.016647004955839206 -0.11337898999087814 79.5133047245839
-0.11166457345249446 0.061022249201575514 0.9918706941713454 86.33593046319973 0.02374729079634256 0.9979916818130979 -0.058725379508067284 -5.528524525498774 -0.9934620893165589 0.016996690863266422 -0.11288942725491148 79.38328691873555
-0.11057071187806121 0.06054489454045983 0.9920224792262977 87.62574168763494 0.024893535687601293 0.9979983141398032 -0.05813499667710515 -5.616485893643471 -0.9935563714336997 0.018266912286320318 -0.11185655924020846 79.23748771411563
-0.1095017545085141 0.06098165706692422 0.9921142923870939 88.80226396583615 0.026983590856723336 0.997930801934548 -0.05836095770623818 -5.697969051003698 -0.9936201916338414 0.020380171742944944 -0.11092067647570046 79.10320523567354
-0.10832167773968972 0.06093320063813707 0.9922468065623047 90.09838797265999 0.028024985841306627 0.9979102413584278 -0.058221571407618584 -5.787260670844598 -0.9937207092053405 0.02150103705042201 -0.10980296236515581 78.95838334393142
-0.10716788383073113 0.061101148406953104 0.9923617587939416 91.28421873718375 0.028602292506382333 0.9978862153083089 -0.05835247369714334 -5.8697652066335575 -0.9938293551228655 0.02213030269348323 -0.10868898562063345 78.82827163542548
-0.10588387901169885 0.060225480211937805 0.9925531027328031 92.47647718507716 0.029609083611757275 0.9979125493231615 -0.057392047215087005 -5.950622824071775 -0.9939374929343313 0.023311687514046428 -0.10744607161890872 78.69848920141834
-0.10463209907563983 0.059183248777751274 0.9927485245635264 93.79841123614383 0.029001372130780287 0.9979847617704405 -0.05643878695001412 -6.039131956771083 -0.9940879627740551 0.022885753014284974 -0.10613763459274057 78.5605712433401
-0.10341700226954716 0.05824800234335561 0.9929311456720966 95.00748514535424 0.028909450340612645 0.9980380412745953 -0.05553658984553765 -6.118879202140548 -0.9942177833612542 0.022961658361505436 -0.10489801881129954 78.43581361133639
-0.10193419666834488 0.05830060074216936 0.993081379209452 96.21403520065232 0.028659444435670183 0.9980389384060868 -0.05564992930738309 -6.2001315907416865 -0.9943781419395354 0.022788522152356386 -0.10340515895794575 78.31131319831749
-0.10017939204326672 0.05997047582302315 0.9931605095276432 97.54613819325178 0.027894502173362222 0.9979588136150352 -0.0574465322997055 -6.294814402793336 -0.9945782118370646 0.021948751854051575 -0.10164775250128301 78.17655599572142
-0.09873624627444402 0.06131575872012917 0.9932228841817501 98.7628423050016 0.0275096043987779 0.9978866010317686 -0.05886895764584355 -6.385562057699971 -0.9947332348854501 0.02151066134996537 -0.10021434816090657 78.0551454120651
-0.0978725756677554 0.05955723844976618 0.9934153515080519 100.1217492359326 0.024443379450969152 0.9980504337266765 -0.057426944034700986 -6.478116600216668 -0.9948986447491547 0.01866189863462447 -0.09913754547118193 77.92709843440014
-0.09756939376063561 0.05925840838346268 0.9934630444993156 101.36480996605279 0.021468019441181665 0.9981188210215366 -0.05742773021018887 -6.565166377953957 -0.9949970706987666 0.015724488865566977 -0.09865800762618798 77.81191146914257
-0.09767714381948837 0.05993397141310471 0.9934119291482418 102.608910263631 0.019150241855948553 0.9981133870111991 -0.05833468812537322 -6.65724616858404 -0.9950338069415761 0.013326107178790476 -0.09864061359267093 77.69529815911402
-0.09837611093075324 0.05806060700533996 0.9934542128680603 103.98847734946956 0.01640042941784874 0.998255572106035 -0.056717189124751675 -6.750416326032683 -0.9950140701847309 0.010713453904829725 -0.09915671847554107 77.56573642332862
-0.09947713388973042 0.05604612778309292 0.9934602648119769 105.24859576312271 0.014001605106103217 0.998392451616071 -0.05492238536670776 -6.831494898083581 -0.9949412485502409 0.008446511964929954 -0.10010195401888655 77.44660605631394
-0.10075187851034931 0.054866027175276486 0.9933976768604148 106.50747758151867 0.012099449380859688 0.9984719968959216 -0.05391915710407341 -6.9118826666299364 -0.9948379242457819 0.006587104029239772 -0.10126177672934884 77.32493211651267
-0.10236305696451106 0.05475320548837513 0.9932391742977043 107.88696815850281 0.011144301240939706 0.9984844810397253 -0.05389384405283538 -7.000687178800031 -0.9946845944264096 0.0055522136235332045 -0.10281810870954734 77.18657950763061
-0.1042541112889191 0.05395277983042079 0.9930862722264072 109.13822143116177 0.011488240258568339 0.9985261815245555 -0.0530423027780267 -7.079669877022314 -0.9944842552576951 0.005878931184971437 -0.1047202808334689 77.0559225667697
-0.1070157054992093 0.05087302929168378 0.992955054319302 110.51684081174254 0.009507272006909716 0.9986968183132141 -0.050142572007152525 -7.1629637558759 -0.9942117903102873 0.004074247050309451 -0.10735990699753618 76.91121565132467
-0.11047166298222158 0.048234496953328314 0.9927082205494937 111.76761303444711 0.008462128262607178 0.9988310939038613 -0.047590322877028315 -7.23510813513903 -0.9938431655088786 0.003143038338473371 -0.11075069715773946 76.77554620561101
-0.11499791507236008 0.05070914316458094 0.9920706770546818 113.01348348588135 0.005085589012291031 0.9987131763362032 -0.05045917975176684 -7.31526495411992 -0.9933526312701865 -0.0007574398174404486 -0.11510781757103386 76.63862431911727
-0.12177223267985951 0.05616491407045908 0.9909678053938609 114.36673468253365 0.002731511894325113 0.9984129092717807 -0.05625124154103686 -7.416613057821105 -0.9925542283457863 -0.004143001347438099 -0.12173238290850011 76.48090531259722
-0.12952257326491323 0.0559044354316183 0.9899993749240862 115.59235444984395 0.004249880503652134 0.9984315469727642 -0.05582459369667434 -7.499917516758654 -0.9915672825818763 -0.003023168610175212 -0.12955700904421513 76.32161988609475
-0.1390012496409976 0.05169984525745702 0.9889418301969052 116.8094930465965 0.004678149118458591 0.9986594405611617 -0.05155033795219972 -7.577258127335901 -0.9902810723820503 -0.002539146750424659 -0.1390567684687247 76.15146389118586
-0.15138343320565886 0.05124852557174711 0.987145789185817 118.12233531700568 0.006955447890844487 0.9986855929107447 -0.050780989603025066 -7.663104075205914 -0.9884505619008054 -0.000821362468203773 -0.1515409088797375 75.94836557220881
