1.0 0.0 0.0 0.0 0.0 1.0 0.0 1.929691526309867e-34 0.0 0.0 1.0 0.0
0.9999957017133853 -0.002317153813514728 -0.0017964783746647495 -0.0011096491009689893 0.0023159441834019173 0.9999970901421086 -0.0006753715945546713 -0.010896732266764528 0.0017980381814067961 0.000671208059390347 0.9999981582682593 0.5436887109303812
0.9999886861745374 -0.0035212585055681075 -0.00319816066767482 -0.0038996663492132993 0.0035152389438191057 0.9999920428770186 -0.0018860823432304773 -0.024190740665357945 0.003204776772659163 0.0018748184501167166 0.9999931072075593 1.139989847841398
0.9999820472673776 -0.0037756627693312506 -0.004652900062150931 -0.008148771952389026 0.003761454319819321 0.9999882475210288 -0.003058809449977278 -0.0376397216771084 0.004664394658412435 0.003041252447511984 0.9999844969831283 1.6794552002969065
0.9999664043434531 -0.00495132728490818 -0.006532571823260425 -0.01296218812763583 0.004921333012033292 0.9999773111376835 -0.00459975427794608 -0.05024630144466297 0.006555198842312211 0.004567450155934181 0.9999680833741366 2.215799887499303
0.9999377193380821 -0.0073319751246366015 -0.00841424464655696 -0.01825017420650165 0.007276147293672887 0.9999514388625248 -0.006646628721266568 -0.06303645628662172 0.00846256940857976 0.006584990571828175 0.9999425097548853 2.8093494992672166
0.9999104018637142 -0.009004964826736296 -0.009904481866493491 -0.024132296823929526 0.008925160305858822 0.9999275856235117 -0.008072491568553594 -0.07475698925711764 0.0099764576748401 0.007983368096411944 0.9999183647282409 3.3544290502518845
0.9998866119778144 -0.00989011366041633 -0.011355559631842507 -0.03217443014909678 0.009796926674497943 0.9999181159723851 -0.008232963300748202 -0.08900201148321846 0.0114360553425323 0.00812077907830824 0.9999016299533586 3.96470656369625
0.9998686331417866 -0.01013838950815866 -0.012646319879341745 -0.04072582128021299 0.010037807043330405 0.9999176824170722 -0.007991928897872173 -0.10398178439851569 0.012726304823676144 0.0078639366275115 0.9998880935729982 4.52551793310058
0.9998540254420003 -0.009998175883246843 -0.013855113621526745 -0.05109345466958055 0.00986707810637641 0.9999062056491871 -0.009498462363071761 -0.12242228852205818 0.013948782123682838 0.00936036505365891 0.9998588975665144 5.150038574516111
0.9998464043115364 -0.009033375219120073 -0.015018848507909344 -0.062133467920628176 0.008846682074926275 0.9998833474593722 -0.012451016372501553 -0.13912808160969597 0.015129572027033316 0.012316235265159663 0.9998096850836717 5.7250700896512265
0.9998401702486661 -0.007519017360112746 -0.016220303283884945 -0.07453028006499648 0.007256940997005766 0.9998431449464652 -0.016156188854590213 -0.15490502935967 0.016339238585189656 0.016035894594737816 0.9997379053212216 6.308705775230276
0.9998290252564662 -0.0060919331464364705 -0.017458766205584425 -0.08882819395848585 0.005765515890356209 0.9998087728384051 -0.01868627074518302 -0.1712029723345072 0.017569264068445365 0.018582414473121305 0.9996729539143235 6.964534755620826
0.9998177272597949 -0.004084351517439719 -0.018650207890672624 -0.10346344626953385 0.0037886959858523727 0.9998670345095175 -0.01586061727775809 -0.18494508642003488 0.018712509380203853 0.015787064155810278 0.9997002603665045 7.57716613683299
0.9998036035465624 -0.002508574399635984 -0.01965861955334415 -0.11979927548519945 0.0023715036234518913 0.9999727380636995 -0.006992791852467938 -0.19944928463738007 0.019675626566445142 0.0069447970756135145 0.9997822960734551 8.271197908054397
0.9997913326645185 -0.0012420210294278062 -0.02038991054019056 -0.13500442932271833 0.0012717338326909064 0.9999981483234247 0.001444315807841518 -0.21358938501337618 0.020388079928859357 -0.001469944690726202 0.9997910609296727 8.915039637791455
0.9997710060827978 0.0003431704570176133 -0.021396672075276693 -0.15161337112269052 -0.00022853004045177584 0.9999856085578012 0.005360078579024816 -0.22885402017546586 0.021398204618461928 -0.005353960539329574 0.9997566964061358 9.566779669341553
0.9997437985784996 0.002700400462359884 -0.022473206183282163 -0.17157827883326118 -0.002669955865335575 0.9999954770578275 0.0013846232818607652 -0.24122757386814525 0.022476844690886635 -0.0013242658134815456 0.9997464867833984 10.293801024268678
0.9997225858762618 0.003461506938454314 -0.023297407887163113 -0.1895545929967709 -0.0035825014573760035 0.9999803022533891 -0.005153715531142088 -0.24812943232724208 0.023279110533339194 0.005235748136500829 0.9997152944730392 10.969040019523852
0.9996959068479839 0.002044047760399487 -0.024574695184126076 -0.2090913888955421 -0.0022547827227915 0.9999609006861461 -0.008550618097216228 -0.2543777654873865 0.02455625770895529 0.008603427355608742 0.9996614283275101 11.734020513692965
0.9996792526800315 0.000602130260168015 -0.02531855312195523 -0.2273108701315925 -0.0006856857143601562 0.9999943475521643 -0.0032916110569227073 -0.2618466962273171 0.025316429305099825 0.0033079154571067576 0.9996740149499225 12.453748408139532
0.9996681267992379 0.000363535589733342 -0.025758572015220953 -0.24904864637673094 -0.0002176318204022195 0.999983919542095 0.005666858439598843 -0.27087192510547947 0.02576021917870998 -0.005659370986957406 0.9996521308476571 13.266556505766523
0.9996563780773602 -0.0002587973454781252 -0.02621180489974238 -0.26943844193150257 0.0005322749019053673 0.9999454964172722 0.010426930254785291 -0.2759637494405567 0.026207679077289058 -0.010437297644464553 0.9996020310383822 14.01990436550901
0.9996452619081266 -0.001805902052246971 -0.026572334739434322 -0.28975649038447293 0.002115235842012007 0.9999302751875039 0.011617682596043677 -0.2785909488066313 0.026549502883179713 -0.0116697663634335 0.9995793818053983 14.785528798685963
0.9996424264565205 -0.003292335949506381 -0.02653638356279829 -0.31237253173767426 0.003553250912408181 0.9999457522027003 0.00979117340972108 -0.279820707812739 0.026502709486671917 -0.009881961275985552 0.9995998966155022 15.645664254813727
0.9996570032299731 -0.0021673555416348816 -0.026099394126407067 -0.33459781007455175 0.0023572891722728447 0.9999709490962069 0.007248734986717046 -0.28182723815914973 0.026082926611657006 -0.007307771385225247 0.999633071431061 16.445182925652865
0.9996779225291249 -0.0027713720358067784 -0.02522638726981885 -0.3573550025694693 0.0028358440604920234 0.9999928030217106 0.0025202991591533287 -0.2882779387502867 0.025219222283677966 -0.0025910250767997873 0.9996785870929021 17.341933403628914
0.9996856086037008 -0.005147150947610991 -0.024539573791271793 -0.37642768696157397 0.005075812087529837 0.999982711826869 -0.0029685388969302342 -0.2987789296450587 0.024554430305006685 0.002843047022582281 0.9996944518690654 18.171894618540364
0.9997011939903723 -0.006562338526427265 -0.02354693893642594 -0.3974767237606549 0.006347584761703839 0.9999376840479626 -0.009183477965685754 -0.31428467340494964 0.023605737891300205 0.009031266483768431 0.9996805516760165 19.10248524653252
0.9997232532612838 -0.005306062325760954 -0.02291860577005301 -0.418744127506728 0.005021531768902878 0.9999098291468299 -0.012454632847987326 -0.33218449038380027 0.02298262542915563 0.01233609787375694 0.9996597519322931 19.966600280791383
0.9997250030935426 -0.0047143546746954935 -0.022971568371146254 -0.4404222100523877 0.00442604229054948 0.9999110025438469 -0.012585595834566818 -0.35220255352809204 0.023028858115863103 0.012480459992361189 0.9996568960535088 20.84880839481403
0.9997273801653906 -0.003863996506479097 -0.02302682759234089 -0.4648081209125733 0.003573283679187784 0.9999135655086423 -0.012652795361047115 -0.37685091036538465 0.02307372883217244 0.012567062848747909 0.9996547764022861 21.83607024247962
0.9997340835070146 -0.0019915575804930054 -0.022973808938656397 -0.48799100464802647 0.0016591632966076039 0.9998938057162507 -0.014478416335950999 -0.4005916102452421 0.023000205046198614 0.014436446994573417 0.999631221786054 22.743059327314512
0.9997347796627718 0.0013497848353617701 -0.022990179623758177 -0.5149503366278643 -0.0017176495020367762 0.9998706970456784 -0.015988712604995625 -0.4277878626046764 0.02296562679823983 0.016023958922985807 0.9996078294608363 23.755315830003724
0.9997286776746083 0.0037755285416582024 -0.022985133839271428 -0.5393781963314187 -0.004151243645425928 0.9998581980743553 -0.01632026258533139 -0.45412311177698084 0.022920258076569677 0.016411249146248166 0.9996025873624016 24.68720555233193
0.9997186513138642 0.005325179947944444 -0.02311407879595751 -0.5658295792168202 -0.005701409176542131 0.9998518387873627 -0.016241750241854033 -0.48478503855053734 0.023024165137424286 0.016368961194588014 0.9996008928168664 25.722445675365346
0.9997135283305894 0.0056949045183528795 -0.023247135333548694 -0.5894375106493477 -0.006075852811341543 0.9998478816819496 -0.016349237046194433 -0.5128040068117444 0.02315049287487836 0.0164857973358023 0.9995960549925715 26.67380665694209
0.9997047147280184 0.006162977865816018 -0.02350534026844478 -0.6135070551572512 -0.006535514830176715 0.9998537301454984 -0.015805233243666117 -0.5405182381450129 0.02340449605402416 0.01595418347768981 0.9995987663004761 27.62870145698837
0.9996914423414942 0.006904012684650737 -0.02386115433385471 -0.6408509164450852 -0.0072454638772897545 0.9998721672299459 -0.014253156751668869 -0.5701912462072412 0.023759701344546594 0.014421641969168878 0.9996136717960249 28.69136581124647
0.99967772096622 0.007709736538618448 -0.02418706546653765 -0.666363722214745 -0.0080179028977691 0.9998875872046724 -0.012669893463747061 -0.5960029028472844 0.024086666224138752 0.012859737995121124 0.9996271603283267 29.66504355122553
0.9996730810064348 0.007857017650138177 -0.024331016301161072 -0.6940986265144349 -0.008163851047332091 0.9998880790710853 -0.012537179891784052 -0.6248483222928869 0.024229789547933762 0.012731714291207202 0.9996253401990906 30.743326936029103
0.9996634820318289 0.008485927563224966 -0.024513500282792318 -0.7200731427735816 -0.008817725331661353 0.9998705430551457 -0.013459006878138618 -0.6507468486837802 0.024396115933411993 0.013670629107405768 0.9996088952389772 31.73055547041776
0.9996536124014288 0.008828099992653965 -0.024793544197846785 -0.7463819465237741 -0.009171933018456719 0.999862867556089 -0.013788464157562562 -0.6761459432235576 0.024668419523391952 0.01401109079764817 0.9995974982089936 32.725039121545855
0.9996438752284345 0.008380732689413292 -0.025335469305941626 -0.7756798954293659 -0.00868266229773704 0.9998923162210678 -0.011830779517454024 -0.7029503946923455 0.025233591774074703 0.01204654395738336 0.9996089968839222 33.83002020856339
0.9996334880090455 0.008244253139287628 -0.025786079691661273 -0.8030885293220043 -0.008477425275490736 0.9999240457189336 -0.008946286715834938 -0.7249190873634944 0.025710366979124627 0.009161606121788728 0.9996274516268684 34.841953027390495
0.9996196981042362 0.008469323045776944 -0.0262436600486146 -0.8342437726304467 -0.008622163431296744 0.9999464904698969 -0.005716158909725236 -0.7468678640442871 0.02619384508326596 0.005940261395175352 0.9996392328398924 35.96372363934479
0.9996071207596792 0.008405626115400381 -0.026738540302138986 -0.863197054919192 -0.00852086134641496 0.9999548821881695 -0.0041986286771586966 -0.7651102545703774 0.026702043152594314 0.004424813961521928 0.9996336438809674 36.990560924393016
0.9995937238955065 0.008189437137792908 -0.02730055359085005 -0.8956359259826647 -0.008322320036821644 0.9999540525556317 -0.0047572830590051456 -0.784544496216468 0.0272603410971859 0.004982553598796553 0.9996159502675458 38.12248747129004
0.999579583100651 0.008116539937062862 -0.02783484836563714 -0.9259702129946853 -0.008277297203462982 0.9999496958520636 -0.005664988541038464 -0.8025132424747665 0.02778746944832193 0.005893003434232258 0.9995964831458892 39.158537756657786
0.9995620875060756 0.00818363200099824 -0.02843697137725943 -0.9572250506354769 -0.008338441279174373 0.9999510318080326 -0.005329574133299436 -0.8205630881485723 0.028391965022606394 0.005564359548596671 0.9995813795255869 40.19876943250345
0.9995403449016342 0.008083915029432258 -0.029218986657396053 -0.9924220124023816 -0.008195620770169786 0.9999595505806717 -0.0037052631264689463 -0.8395177106832268 0.029187853194793025 0.003943027238140829 0.9995661668145718 41.34476776802299
0.9995218141845491 0.008106324454416051 -0.02984008076243561 -1.0251248779674185 -0.008154526502505156 0.9999656352921085 -0.0014939538713740366 -0.8551262065455218 0.02982694632780426 0.0017365710515610808 0.9995535691903203 42.38644910304756
0.9994961925775592 0.008952762925408786 -0.03045010682318948 -1.062259710347516 -0.00895520097919959 0.9999598997750568 5.636534671038613e-05 -0.8712216425113464 0.03044939190397044 0.00021634993399523902 0.999536286394367 43.52926480360161
0.9994771520217849 0.009784505062679857 -0.03081697574710386 -1.096361626469846 -0.009843840705740924 0.9999499741822245 -0.00177423083540026 -0.8869912840685877 0.03079807566565098 0.0020766603740862014 0.9995234695133306 44.56546433739612
0.9994581188104956 0.010990157712553987 -0.031027167548537026 -1.1342723036414923 -0.0111806120750606 0.9999196647215108 -0.005971431129614843 -0.9076976517312905 0.030959049555795592 0.006315097232434999 0.9995007037895559 45.70633587662598
0.9994429881250091 0.012154668966774756 -0.03108017793969999 -1.1687976135308207 -0.01241741540984665 0.9998886619356601 -0.008274751213400317 -0.9282207525873303 0.030976142231130394 0.008656076408454253 0.9994826416813865 46.74448355831531
0.9994474652910582 0.0122176467285454 -0.03091105276888083 -1.202293257062253 -0.012438448342672244 0.9998984104813564 -0.006960868803785804 -0.947125738581235 0.030822868642256883 0.007341507251948867 0.9994979005048139 47.78731054203795
0.9994394169267146 0.013105640005824787 -0.030807370003292048 -1.239753374597811 -0.013258137179353688 0.9999008205223087 -0.004750882298252972 -0.9662353751821563 0.030742052727945706 0.00515666671984745 0.9995140494579647 48.93638525684637
0.9994549740317977 0.012486274338687047 -0.030558923244290406 -1.2725425402957322 -0.012581044497025774 0.999916618691232 -0.002910832269220603 -0.9812839781968181 0.03052003127150601 0.0032937085775089268 0.9995287285822969 49.98354744756424
0.9994635791472141 0.012192063808980158 -0.0303958466280377 -1.3085133596311604 -0.012278168427159248 0.9999211151130213 -0.0026476576232576285 -0.9972636202886181 0.03036116995646545 0.0030194423421844095 0.9995344328302169 51.128262334531904
0.999488243967082 0.01119323997652057 -0.029966005815742606 -1.340200874862502 -0.011316367451737658 0.9999281960787495 -0.003942395175235919 -1.0128762691742175 0.029919727458682537 0.004279483436128087 0.9995431436465769 52.172125653511515
0.9994961723533631 0.011179140224362536 -0.02970569356358421 -1.3722127248877112 -0.011360273934461724 0.9999178519914521 -0.005935774368486249 -1.0301969057695974 0.029636897932950983 0.006270247764542284 0.9995410638619104 53.21067256712304
0.999509743659543 0.010606172097858193 -0.02945812957860214 -1.4069367200550382 -0.010851020881345269 0.9999077955449287 -0.00816429648357713 -1.0520077813917403 0.029368822955202697 0.008479943535276984 0.9995326722313337 54.35585303824882
0.9995229594513191 0.009540960857193678 -0.029373858252613776 -1.4381642910651422 -0.009863666408616623 0.9998923691510607 -0.010860856163760872 -1.0748152623563731 0.02926707520096251 0.011145407523931214 0.9995094888239483 55.39660387796672
0.9995431810384746 0.007706517673034487 -0.029223941780095877 -1.471837932729748 -0.008112194069433344 0.9998720261291364 -0.013788534781472817 -1.102426869396392 0.02911394178048053 0.01401930428456924 0.9994777824111108 56.542481027781974
0.9995582461579828 0.006315559829865158 -0.029041800663783653 -1.5024355076538731 -0.006717879757544872 0.9998825328640676 -0.013776450525562464 -1.1266220734646615 0.02895138469063616 0.01396546213874991 0.9994832581005954 57.588446446911405
0.9995724961776009 0.004880922594090102 -0.028827095225754003 -1.5358328553646794 -0.005158166580180362 0.9999410848249723 -0.009550926842358266 -1.1475375629826314 0.0287787809991653 0.00969553744332715 0.9995387828251998 58.74191632575081
0.9995851622884738 0.0037549562706466443 -0.02855527221719233 -1.5660856338206488 -0.003863057218096263 0.9999855765179566 -0.0037314251954666104 -1.1607984273677414 0.0285408504450721 0.003840187446961552 0.9995852504373821 59.79358426703587
0.9995948939412439 0.0025086635833742386 -0.028350565135186957 -1.596144149225818 -0.0025145047215188124 0.9999968241084437 -0.0001703673077758177 -1.1708750706276658 0.02835004911614873 0.00024158597273273214 0.9995980274267626 60.84435473646645
0.9996034427633558 -0.00011465904220293001 -0.028159261077505975 -1.628160683444372 7.797811023031471e-05 0.9999991471175687 -0.0013037204860548528 -1.183425323966877 0.028159387954429096 0.0013010075821668807 0.9996025992014353 61.99733239580898
0.9996040514876745 -0.0026129784508889414 -0.028016289764711155 -1.6570913384178918 0.0024926155917089294 0.999987517810506 -0.004330256276647723 -1.1984723776125894 0.02802725634172765 0.004258707357906508 0.9995980874260051 63.04612871301072
0.9996046102030046 -0.0024994033128031405 -0.028006716051404423 -1.6907842893537357 0.0022782541369610826 0.9999659979402463 -0.007925437700253668 -1.219663915732918 0.028025574056768573 0.007858496611978285 0.9995763158901352 64.1984442821839
0.9996081324255709 -0.0017042317623899906 -0.027940599289950224 -1.7219039821256246 0.001372296719538718 0.9999283113974825 -0.01189491161719765 -1.2445716686755695 0.027958869387823285 0.011851905988054478 0.9995388106452875 65.24642476234982
0.9996180999660463 -0.0005264191568934274 -0.027629278280586877 -1.752758762813583 0.00011624858438124414 0.9998897999661255 -0.01484501513650039 -1.2731780537624986 0.027634049659384735 0.014836131925327132 0.9995080032242479 66.29609679126739
0.999633717083163 0.0036134055427576453 -0.02682116539177298 -1.787592613208937 -0.003967310594261669 0.9999056184865566 -0.01315350133751136 -1.2987530078009013 0.026771106408400358 0.01325508951350246 0.9995537056555812 67.45513343150934
0.9996332475246422 0.006215684005381434 -0.026357838892573503 -1.8181931490646943 -0.006488185845855241 0.9999262575715625 -0.010265615844014288 -1.318355082023435 0.026292088715394006 0.010432864046446035 0.9995998606732971 68.5117745001056
0.9996311042067115 0.0066234472645149076 -0.026339806488031848 -1.8504855794309885 -0.006863204603460051 0.9999357437502147 -0.009022460367264267 -1.338929489806055 0.026278355533576322 0.009199906261896143 0.9996123297560925 69.67289398740667
0.9996386432866223 0.005796121771406151 -0.02624857662235259 -1.8789144084490519 -0.006013237830580006 0.9999482980947998 -0.008200128367559007 -1.35669590104289 0.026199691905915097 0.008355003012456107 0.9996218135461828 70.72932651929518
0.9996411655834845 0.004454286423063468 -0.026413999150440518 -1.9102951167017514 -0.004639942420110982 0.9999649336334939 -0.006971544676890976 -1.374939928566982 0.026382020984880093 0.0070916015465479106 0.9996267794587235 71.89345631914412
0.9996388707524594 0.003233456485883701 -0.02667719589320402 -1.939171770599235 -0.0033795429149029127 0.9999795315404781 -0.005432788145696105 -1.3895386495741906 0.026659084512580755 0.005520982226473025 0.9996293373196518 72.94968256863308
0.9996288887271456 0.0018762203311110184 -0.027176544131621107 -1.968563218637786 -0.001969752479650402 0.9999922279519409 -0.003415275756655518 -1.401834425622626 0.02716992646961762 0.0034675389619162767 0.9996248152882365 74.00350371917095
0.9996145561317309 0.0008522715074172798 -0.02774910315732152 -2.0017711139299217 -0.0009339656533025572 0.9999952678903975 -0.002931195478840209 -1.415495705086738 0.02774647506467237 0.002955982039939135 0.9996106218755937 75.15918141609178
0.9995985194870837 0.0005840793422906919 -0.02832770039406973 -2.0329112439224706 -0.0007350409207543237 0.9999855839235161 -0.005318991551320013 -1.4318250100383387 0.028324186736669164 0.005337677423460286 0.9995845385535124 76.20302627839814
0.9995805742145158 0.0008371086609135733 -0.02894779473291667 -2.068113576871935 -0.0010847070563295147 0.9999629569908696 -0.008538622789287376 -1.4538997202972102 0.02893957613473571 0.008566440212579756 0.9995444547867486 77.34866579049779
0.9995614206385623 0.002135912197165284 -0.029536488834829008 -2.101427717789771 -0.0023954192241455426 0.9999588193448667 -0.008753376341780904 -1.4726750678418887 0.029516577558082378 0.008820288393882063 0.9995253744768586 78.39197542807979
0.9995418264188762 0.0034219546058296088 -0.03007369935210687 -2.1350748117325833 -0.0036079647347223368 0.9999746839167698 -0.006133034719217257 -1.4870260933976291 0.030051952553357762 0.006238728770394467 0.9995288682601394 79.43224688239546
0.9995171334278391 0.004908937330308852 -0.03068227907846102 -2.1728278488723913 -0.004966763812488704 0.9999860297740586 -0.0018087267033088563 -1.497611682823688 0.030672973046262174 0.0019602447745827216 0.9995275515240301 80.5762911693158
0.9994952688047165 0.006258605869853976 -0.03114542380388078 -2.207495417130251 -0.00623465000905253 0.9999801891583532 0.0008662546472230124 -1.5046974104104622 0.031150229879741854 -0.0006716364163796432 0.9995144882299449 81.61207358711461
0.9994762409642511 0.006661773322764841 -0.0316680352659617 -2.245367792627765 -0.006666071232793542 0.9999777810308974 -3.0101650978990184e-05 -1.5151568004792892 0.03166713267916575 0.00024118732292551914 0.9994984415374776 82.74313449299399
0.9994590152698396 0.006320198414838768 -0.03227587050890156 -2.2799985471696647 -0.006369843330579508 0.9999786819559953 -0.001435514267407587 -1.5263165264018606 0.03226611132472077 0.001640329775762002 0.9994779674796341 83.76710807467602
0.9994416672933194 0.00613739416078788 -0.03284335544211311 -2.318369592719704 -0.006198470277503475 0.9999792438158112 -0.0017580890175145861 -1.5380130183835707 0.03283188529278024 0.0019606857987009723 0.9994589652008088 84.88353338066902
0.9994269498233548 0.005292698917828372 -0.033432906312131215 -2.3531935963372184 -0.005350798692310252 0.9999843255006649 -0.001648539544112608 -1.5482914184749805 0.03342365871332099 0.0018264874385911655 0.9994396045214696 85.88759030506782
0.9994099992256397 0.00410951227092215 -0.03409934409432574 -2.388147017775522 -0.004140102861213876 0.9999910881565335 -0.0008265200047745582 -1.5568310932254876 0.03409564531311964 0.000967207114279866 0.9994181064952811 86.87884895874926
0.9993902434316602 0.003538622012007476 -0.034736427463109114 -2.4269162801675477 -0.003492626594931799 0.9999929419986858 0.0013847347115106914 -1.563594192265591 0.03474108407300909 -0.0012625687038332958 0.9993955488767823 87.95164688843784
0.9993676119094829 0.003201360313098613 -0.03541366203050966 -2.4623336835748137 -0.0030863381872236768 0.9999897850473375 0.0033021651436433053 -1.568485167810163 0.03542387345753022 -0.0031907777919042077 0.999367283959885 88.90969359743205
0.9993148421167977 0.0022330674028922886 -0.03694400657747624 -2.5021045336342866 -0.0020865012381463184 0.9999898018154278 0.004005341334606237 -1.57242621204696 0.03695257584344224 -0.003925512652964613 0.9993093102841198 89.93729711806844
0.9992184749556233 0.0012558769360430518 -0.03950774541963812 -2.5409597292072146 -0.0011097140547602644 0.9999924601297773 0.0037213177187182 -1.577076857435392 0.03951212301368761 -0.0036745664674390057 0.9992123347123543 90.85018797766719
0.999087665804361 0.0010344794685872092 -0.0426938606608703 -2.582797244242003 -0.0009047247149451898 0.9999949138024635 0.0030584034453416376 -1.5826702881866817 0.042696809488536124 -0.0030169864042893157 0.9990835202399181 91.74035410929211
0.9989388876103034 0.0006010470373749986 -0.04605146455796429 -2.6305919257861095 -0.0004886554997307773 0.9999968749771416 0.002451783902616708 -1.589050245552914 0.04605279657488851 -0.0024266784923189003 0.9989360596859985 92.695683595653
0.9987943595579973 0.0011636523878899789 -0.049076196247195475 -2.6763002241330605 -0.001002941626031577 0.9999940546024619 0.0032992205421294176 -1.5933516084068873 0.04907974605494736 -0.0032460216914891316 0.9987895884880621 93.54243995133633
0.9986288681046195 0.0022277908270490966 -0.052301247887782155 -2.7280798667601935 -0.0020038369827230047 0.9999886002405165 0.00433405214172597 -1.5969632665573226 0.05231030962430897 -0.004223305643862246 0.9986219481967824 94.44714436138554
0.9984729416372848 0.003129292549784685 -0.05515425754946891 -2.776304418206315 -0.0028181071723646306 0.999979675590551 0.005718973165634911 -1.5986196031551037 0.05517103564626064 -0.005554808386342025 0.9984614670450307 95.24544051478898
0.9982961428920617 0.004442325181854884 -0.058181411102319384 -2.8305049146059864 -0.004048359087856156 0.999968086225046 0.00688747340826768 -1.5997044199783659 0.05821015359184487 -0.006640197764870573 0.9982822677272072 96.09755532566611
0.9981396237634433 0.006105670819825855 -0.060663102540289116 -2.879991878133946 -0.005659342113707942 0.9999556599851506 0.007526611007870058 -1.6005618240612693 0.0607063707492996 -0.007169294217910528 0.9981299204289494 96.84789180164812
0.9979699189290803 0.007964550325920418 -0.06318707613583335 -2.9298853994138994 -0.007506071104882859 0.9999437778415328 0.007489993894712409 -1.6019118201881333 0.06324318118321018 -0.007000500720323 0.9979735935022106 97.57289736966554
0.9977766932305764 0.009695121937405819 -0.0659368999830009 -2.9846276305920787 -0.009374823219967101 0.999942714176999 0.005165365934585822 -1.6070119742462947 0.06598320485633016 -0.004535734112474322 0.9978104249399014 98.33634162133157
0.9975945712234203 0.01138967182681192 -0.06837650581784319 -3.034145843100227 -0.011300773044293853 0.9999347213852067 0.0016868456095833863 -1.6161149788785436 0.0683912583119182 -0.0009100803129034052 0.9976581618382586 99.00113394909091
0.9973943109680384 0.013605941665414898 -0.07084819326558135 -3.088124052837801 -0.013758341479847853 0.9999039658179931 -0.0016634711740556392 -1.6283208546385357 0.07081875985484111 0.0026338901567188127 0.9974857223194121 99.70177588726732
0.9972682830880684 0.015215901178096925 -0.07228034017460158 -3.135336895821871 -0.015510198039397145 0.9998735417839861 -0.003512001815000649 -1.63937087371809 0.07221776506261994 0.0046234899644484835 0.9973781720653611 100.30985766809141
0.9972221795075027 0.0173129088569897 -0.07244437563931141 -3.179699704786538 -0.01764544366841904 0.9998364940978648 -0.0039526382731904005 -1.6481762700638465 0.07236410250046067 0.005219971170259096 0.9973646218571434 100.89338851073241
0.9972922377539628 0.020469029411751525 -0.07063434745149605 -3.224336020764166 -0.02072553978040411 0.9997809957747867 -0.0029004224237785905 -1.655864451585038 0.07055951291329715 0.004356503329824805 0.997498058326459 101.5174807176236
0.9974899542600323 0.023674543347289752 -0.06673310170069686 -3.25910540583038 -0.023820762245627194 0.9997152705855512 -0.001396069168285638 -1.6612127101349738 0.06668105283670629 0.002982198084355635 0.9977698852977941 102.06494101472687
0.9978606143074403 0.025582660248749552 -0.06016412277329957 -3.289273043344334 -0.025608828520758752 0.999671983593498 0.00033628401767206933 -1.6658190565733626 0.06015299397337749 0.0012051681226080734 0.9981884417074915 102.63546021260466
0.9982989760879188 0.025912475533478807 -0.05222736609688919 -3.3088269298126645 -0.025819401265216757 0.9996636061556785 0.0024562186349911443 -1.667548767951434 0.05227344641655781 -0.001103560925284386 0.9986321991470606 103.13013496836705
0.9988267654506325 0.025624570985141683 -0.04109104363430937 -3.3206228370370607 -0.025464354687852096 0.9996659684504287 0.004417931929930111 -1.6682646482220862 0.04119052755850299 -0.00336639116031025 0.9991456390357578 103.64867202461556
0.9992591481525415 0.025065321221048428 -0.029204185538438416 -3.3227562032455027 -0.024926521182565393 0.9996762392346599 0.005107368113691659 -1.6694597118086574 0.029322749615047 -0.00437562486401457 0.999560418562571 104.09657603502856
0.9996011335819474 0.024344139985178623 -0.014315606687067606 -3.3157365693308902 -0.02427774757736902 0.9996937585400706 0.004793752640727823 -1.6728871664714045 0.01442792312060099 -0.004444289227258663 0.9998860351895926 104.56475465360636
0.9997248044509395 0.02342279150545919 0.0012993248264194916 -3.2998051134330146 -0.02342667274133814 0.9997208952484832 0.0030532872385661764 -1.679383060034056 -0.0012274457643432378 -0.003082885426663511 0.9999944945837688 104.96966732551053
0.999549501648816 0.022646383477955934 0.01969606867125245 -3.2732196069817774 -0.02264351693165701 0.9997435346583222 -0.0003687941141444194 -1.6917840990768396 -0.019699370173393353 -7.736035936096182e-05 0.9998059455808287 105.35337883951011
0.9988345045052649 0.021163653762671892 0.043378939429442126 -3.230442234165764 -0.020952862027580614 0.9997663720298511 -0.005308380310696376 -1.7118821682238357 -0.04348115179875454 0.0043932797056081265 0.9990445878660279 105.76033808801975
0.9975234755174957 0.01905850953959411 0.06770294622793678 -3.178665003915673 -0.01849447584118878 0.9997889201389991 -0.00894815696088341 -1.7305426133308592 -0.06785919741860313 0.007673864807138687 0.9976653954207156 106.11958982605272
0.9951050756281746 0.016366683246244552 0.09745778502802967 -3.1065731760374202 -0.015363623827356601 0.999821090182414 -0.011033887852783426 -1.7475456646230465 -0.09762094188234226 0.009482571391282927 0.9951784929498833 106.48999439593364
0.9918176656660926 0.01387070389357663 0.12690674168117594 -3.027528344665246 -0.012380832531573344 0.9998449549573158 -0.012521223374393514 -1.7636398500525647 -0.12706074992570163 0.010847557474942766 0.9918356198910243 106.80356661146901
0.9866620675283598 0.011291610228713425 0.16238984886567207 -2.9245208487007863 -0.00903701457296622 0.999852343750274 -0.014615850533752126 -1.7829023487253277 -0.1625309155617901 0.012953383524463645 0.9866184228688798 107.12201126796856
0.9802602410630145 0.008259286229598024 0.1975389641851715 -2.81525827719306 -0.005317400682041126 0.9998669888536804 -0.015418491842108854 -1.7984521875568842 -0.19764004486881406 0.014063738097592223 0.9801737731166166 107.40095310141835
0.9711260577086199 0.004988185004311573 0.2385147701833758 -2.678595184219179 -0.0012188988560689704 0.9998720789688971 -0.015948042127808752 -1.8146275125903641 -0.2385638227783769 0.015196831013216347 0.9710079099465977 107.68886599489443
0.960787220396841 0.003862951393532092 0.27725979031685166 -2.54078857996953 0.0008469858696866211 0.9998574056131717 -0.016865679294478162 -1.8320807567547155 -0.2772854197194296 0.016439161082371104 0.9606469451954762 107.88732811050998
0.9480322666759077 0.005317943986499274 0.31812974751765627 -2.3900187569759708 0.00029409328054002485 0.9998452391178022 -0.017590093997439653 -1.8530321523567181 -0.3181740724460611 0.01676953317137186 0.9478839838574777 107.98282733773036
0.9311283298075119 0.005830076560005954 0.36464508436822135 -2.209376267677128 0.0005062332012703268 0.9998505848618364 -0.01727865048948879 -1.874624591581811 -0.3646913548858683 0.016273233031389146 0.930986253152076 108.10371164953943
0.9134496620041181 0.005537245447729384 0.4069140526380886 -2.0321886523586747 0.0011138719844339577 0.9998696603319247 -0.016106573691545115 -1.889109228999449 -0.4069502219182354 0.01516579111591395 0.9133244348228251 108.31100074588743
0.8911059316022562 0.004164551690907375 0.4537762284891745 -1.8223287127687908 0.0032182170456167792 0.9998747477536986 -0.015496192221543444 -1.9059084326109932 -0.453783949297413 0.01526909572251612 0.8909809154054034 108.54827043111185
0.8684282018454069 0.0034536116000174447 0.49580290360325363 -1.6198545507270756 0.005379676932274332 0.9998512437115108 -0.016387484170051956 -1.9221118166896292 -0.4957857705053405 0.01689860903906863 0.8682804375599222 108.7721976788982
0.8411400504250203 0.004348359486567337 0.5407998645213659 -1.3853043690183846 0.006796552082676241 0.9998037156472621 -0.018610136982047193 -1.9466209388302769 -0.5407746644693668 0.01932930173175782 0.8409453930525305 109.00984181830655
0.8137937790728665 0.007218267265951931 0.5811089103250728 -1.1611319603797243 0.0067909557424948004 0.9997364788555013 -0.02192842750458037 -1.9795868207151408 -0.5811140900306394 0.021791498056548644 0.8135303073112776 109.16995581418982
0.7804361054157973 0.0123100751197469 0.6251143324886759 -0.9011263546320847 0.005054833839230792 0.9996492559653519 -0.025996420751186005 -2.02332686210952 -0.6252151263968808 0.023448389382326212 0.7801001456877283 109.30675608728698
0.7469197796598422 0.017745704181360407 0.6646772987342779 -0.6521311453792225 0.0021402939865883524 0.9995744472245132 -0.029091988512797366 -2.070824176569651 -0.6649107344122994 0.023151981361841503 0.746563943749932 109.41074091652649
0.7107419900437113 0.020254407555951377 0.7031611185498199 -0.385927991337002 0.0018599215193872976 0.9995277987172277 -0.0306711671863373 -2.1046402476125774 -0.7034503463378983 0.023107105709519314 0.7103687039930113 109.5570945541277
0.6689154327004927 0.01885665733082517 0.7430992824368333 -0.0682746692745248 0.00542317468680194 0.9995277883534636 -0.03024549092014914 -2.1208899361378504 -0.7433187481922789 0.024261627432635692 0.6684972988696494 109.81532452474447
0.6287494099244316 0.01659523625916072 0.7774308639530718 0.23435613540205985 0.007714253756881125 0.9995899314377014 -0.027576429879346318 -2.1343955681674402 -0.7775697401090113 0.02333595761713083 0.6283635584179871 110.0245980493445
0.5815414551291435 0.014537462542578282 0.8133868488267929 0.5793808973476808 0.009361380645682657 0.9996545351417286 -0.024559624124132495 -2.150890999039422 -0.8134629274084708 0.021896858241572198 0.5812044609444901 110.18585724750434
0.5369087845645042 0.012885995437799154 0.8435418622387836 0.9070212975570696 0.01016431292680574 0.9997119625038124 -0.021741181359229943 -2.1625182864624986 -0.8435790893629351 0.020247049692345972 0.5366231560422404 110.33743940332833
0.4853041896974404 0.008563691586129506 0.8743034193822191 1.2838235341393147 0.013047242212853884 0.9997697657165104 -0.017034823793816198 -2.1682172879050308 -0.8742480493142751 0.01967431486330034 0.48508072206390734 110.48954461975508
0.43650969963374836 0.0067519930487664 0.8996741926467272 1.6339769874692758 0.012590666564071025 0.9998280732553573 -0.01361246525873102 -2.1757504629617204 -0.8996114707128285 0.01726946624198983 0.436349638402666 110.58739204965363
0.3874726188252865 0.008309885074813561 0.921843735994003 1.9886113856310605 0.009929839253251003 0.9998637422444285 -0.013186939420509606 -2.1923219309389887 -0.9218277555585556 0.0142633338241991 0.3873373053754649 110.65416154071653
0.33384968380327157 0.013626286345523748 0.9425278081032054 2.388941795890827 0.007721555966470925 0.9998224312846063 -0.01718963677165496 -2.226786028827084 -0.9425947225790388 0.013016531946557788 0.3336851848981862 110.71335392794833
0.2868865730556429 0.01702288581864055 0.9578132751863754 2.7687939338319207 0.007817747700588214 0.999767206025741 -0.020110115312262703 -2.256300854480838 -0.9579326820043237 0.013257260487024624 0.28668670542323316 110.7708819015081
0.2397608887996052 0.017766923118695876 0.9706693597175726 3.210522326035534 0.01188201812985997 0.9997039386239454 -0.021233298283986943 -2.2741157700728785 -0.9707592807951632 0.016624420819897512 0.23947879639285752 110.85370731361866
0.20249577764653487 0.017231208230167775 0.9791315018267825 3.6334334599059193 0.018852032703988997 0.9995913049783788 -0.021490094743276174 -2.2843421233141967 -0.9791016847495136 0.022810267092024796 0.20208817374356697 110.94735966910456
0.16728690416329475 0.01798647201795529 0.9857441504670506 4.114361172972747 0.025659881113405725 0.9994154475896517 -0.022590573867375213 -2.3031668491847754 -0.9855743051647526 0.029073178548031556 0.16672758386269404 111.03591029398991
0.13866883044570022 0.018007307426235183 0.9901750570067188 4.559457719075697 0.027289042940271666 0.9993855424339322 -0.021996502865390555 -2.3254183428312096 -0.9899627835469844 0.030071152523236236 0.13809222053677664 111.07732418542294
0.11244731805365717 0.015410321632752586 0.9935381590407477 5.01805473556639 0.022987309444723304 0.9995717941750752 -0.018105585440728416 -2.344921635722993 -0.9933917826069943 0.024874687942485228 0.11204492401829394 111.09992271347025
0.08589946265278012 0.012229065381851319 0.9962287301655987 5.540294563461306 0.017367341882518806 0.9997543533829918 -0.013769842056079524 -2.3634953062148574 -0.9961524519089449 0.018484662230758026 0.08566597378157975 111.11697121274693
0.06320747379997635 0.008583642917053423 0.9979634696084241 6.0371456982723934 0.01650114462482912 0.9998173292352094 -0.00964471751489818 -2.3689071598272866 -0.9978640074219594 0.017077153242701464 0.06305428611310311 111.13087274030227
0.04241464233273443 0.0072530192565031515 0.9990737420393392 6.557137902080666 0.02112441117528784 0.9997435972923562 -0.008154702295531415 -2.370657646335574 -0.9988767728240914 0.021450718168224827 0.04225054974165321 111.14231369377767
0.02199419449354938 0.00792469602355254 0.9997266649965443 7.151521156590864 0.02796001534688323 0.9995725737052298 -0.00853860591397533 -2.3758468549684038 -0.9993670711696003 0.028140166584358896 0.0217632173645759 111.14358326763268
0.006512834054489183 0.011745185003640923 0.9999097877605887 7.703619759771455 0.031049896686126167 0.9994464934237183 -0.011941989914622135 -2.4094091672622935 -0.999496641773123 0.03112486531980569 0.006144540760436143 111.13352857115342
-0.007485751888944592 0.017461882029783646 0.9998194817932847 8.326306400211417 0.03015656213453653 0.9993966947256107 -0.017228719431145303 -2.4626067803928398 -0.9995171810731391 0.030022142091219926 -0.008007827646899163 111.11810833043963
-0.016173083476268592 0.02011424369160271 0.9996668437663426 8.916365925698706 0.029977189011096906 0.9993579461286877 -0.019623050334431687 -2.4939449911135934 -0.9994197563926475 0.02964983043773466 -0.016765669593501824 111.10050326289036
-0.02100661713568856 0.018166597844038946 0.9996142489627631 9.534619029328024 0.03395745790710913 0.9992709853385516 -0.017446759770534403 -2.504139540891738 -0.9992025135375303 0.03357785457055977 -0.02160819611023378 111.07446718689357
-0.02253340099761075 0.01556242359080473 0.9996249330628384 10.237093035219923 0.03743092687562242 0.9991909156728352 -0.014711910634559728 -2.5134282726202892 -0.9990451549086607 0.03708537108407962 -0.023097687141003558 111.04420255306295
-0.021630236902242403 0.014682977962219328 0.9996581880845457 10.888877960861008 0.03866001792987789 0.9991565857045941 -0.013839105514159695 -2.5277067748250666 -0.9990183110799564 0.03834745285690665 -0.02217963946847937 111.02238839064961
-0.01993748847352 0.01430405885888498 0.9996988748868476 11.623811270515509 0.035566546669894734 0.9992749216864225 -0.013588677871985476 -2.5501167187659135 -0.9991684379014453 0.03528490552964789 -0.020431779832500507 111.00985990386616
-0.018681987077831856 0.015221602414354546 0.9997095759114003 12.30280449573758 0.03399654820743293 0.9993155907850734 -0.014580302429067488 -2.574120275482531 -0.9992473507833687 0.033714278940239276 -0.01918668451596562 110.99811539098106
-0.017575218394681114 0.016174028316417798 0.9997146905442486 13.000684700947676 0.033175143737467404 0.9993280402571146 -0.015584552597863557 -2.5965241851505865 -0.9992950372700038 0.0328917699262311 -0.018099985891866063 110.98051500981548
-0.016605992444600516 0.016332116646620192 0.9997286896769666 13.785331439638401 0.03287196083114456 0.9993349971981387 -0.01577967196959117 -2.618584724340258 -0.9993216325001987 0.032600998542115546 -0.017131819733930406 110.96133442067371
