1.0 0.0 0.0 0.0 0.0 1.0 0.0 0.0 0.0 0.0 1.0 0.0
0.9999834382975483 0.0006108979143926597 -0.005722755233052566 -0.007300120283222862 -0.0006097903777715783 0.9999997950058094 0.00019529439981042776 -0.002180204795917561 0.005722873649348956 -0.0001918014396030816 0.9999836058358295 0.08780122345051095
0.9999171074965724 0.0012147527219256546 -0.012818053302567096 -0.016793678364383224 -0.001210452075299324 0.9999992084763704 0.00034328479019396453 -0.004644328247978807 0.012818460800604118 -0.0003277406094579899 0.9999177864593664 0.1872472610196791
0.9998040845115853 0.0016598993929484184 -0.019724028173776262 -0.026566753110865385 -0.0016600295794036543 0.9999986220971531 9.787619796084498e-06 -0.006781794328859923 0.019724018225537317 2.2956824776401125e-05 0.9998054623917441 0.2805012645843237
0.9996146898865974 0.002179342221319925 -0.027671685193819684 -0.03841907906093038 -0.0022063352769103825 0.9999971195520232 -0.0009449665224443095 -0.008687310118810453 0.02766954746379963 0.001005655373265947 0.9996166189494485 0.37826954818575015
0.9992571431666732 0.002568692558612612 -0.038452093956294606 -0.05491697985506303 -0.0026693470072197845 0.9999931437138417 -0.0025665352501334916 -0.010770302888340378 0.03844523960269017 0.0026672704004914497 0.999257148760252 0.49381304440953594
0.9987290423850925 0.002674156272078633 -0.05033039434433779 -0.07374525540690774 -0.0028684279373323877 0.9999887112064374 -0.003788083279002318 -0.012729840159538076 0.05031969876978474 0.00392763748874355 0.9987254386343303 0.609574553556552
0.9978171455602475 0.0026462865396523856 -0.06598439882408189 -0.09986613767223652 -0.0029350954177137165 0.9999865317613481 -0.004280362854912305 -0.014823472245568823 0.06597218636850283 0.004464689519065682 0.9978114739184254 0.7501251214585102
0.9965756707798664 0.0021638423483293185 -0.08265742397584422 -0.12901272617912135 -0.0025299635725431766 0.9999874472080309 -0.004324894021085396 -0.017218624257917498 0.08264703214340342 0.004519204044039347 0.9965686355353137 0.8881166116957259
0.9948805078533652 0.0007470174912622718 -0.10105551145377187 -0.1627680938740909 -0.0011905383997713862 0.9999899226781868 -0.004328644747967568 -0.02023953229710337 0.10105126456945127 0.004426794437617967 0.99487137162453 1.034695623943355
0.992366382126894 0.00018324464414861004 -0.12332448700634228 -0.2073745855798343 -0.0007470829350019172 0.9999894796200295 -0.0045257623196505595 -0.025090155391167317 0.12332236643506518 0.004583347734674858 0.9923560791382189 1.20460575259346
0.9893487886295426 0.0017618506966536774 -0.14555366380204793 -0.2565289508666357 -0.0025455822365235644 0.9999832481450697 -0.005198407537495619 -0.03064684424179389 0.14554207397150182 0.005513556694474195 0.9893367003549483 1.3667815914384305
0.9855615449178493 0.005476089264939798 -0.16922899267969996 -0.3140685891043216 -0.0067042178841437245 0.999955170094485 -0.006686647284228354 -0.037872512448695494 0.169184797946628 0.0077246498987705746 0.9855540754325892 1.5368048878009284
0.980384190179521 0.00954471608084161 -0.19686476537813968 -0.3859055492680781 -0.011287294381768068 0.9999064060368547 -0.007731502569755695 -0.04674641752181083 0.19677255487067963 0.009801912668626784 0.9804001664480205 1.730147472436352
0.97454624226675 0.011476006577992857 -0.22389265320866872 -0.45816749173570953 -0.013646371520189252 0.9998736786457131 -0.008148820430421873 -0.053472164027867156 0.22377086606086888 0.010996723796079114 0.9745797424456843 1.9045152669890368
0.9666561677255868 0.012957797346057901 -0.2557497708395885 -0.5471021907707926 -0.01553054763537512 0.9998470479845387 -0.008042555799922923 -0.05935124650063116 0.2556064523705645 0.011746319306362826 0.9667095577854609 2.096461407478838
0.9582064352585612 0.015125524370185228 -0.2856775131018358 -0.6375875337458696 -0.017904542594164526 0.9998143615760214 -0.007118266253286421 -0.0643481662195602 0.2855168271423978 0.011935692945765169 0.9582993713492547 2.2790868507180133
0.9482072993083834 0.016924696579052285 -0.31720098793018 -0.7366940031514001 -0.01983607864491819 0.999785535126867 -0.0059509416108945576 -0.06801428324908564 0.31703225742446806 0.011934749335787895 0.9483396622412178 2.4553887530830365
0.9355005212412404 0.019582412094641004 -0.35278222349814925 -0.8558678870777697 -0.022855187153490643 0.9997257080129515 -0.005113622215089642 -0.07202897898716755 0.3525853387233712 0.01284669930136785 0.9356914811720985 2.648843810828998
0.9228297970630703 0.022331789737363175 -0.3845600719376644 -0.9730794120324177 -0.026002818186073227 0.999652412888191 -0.004348199009324125 -0.07501585366341873 0.3843293199519767 0.014012292496096522 0.9230897233713459 2.8345151800093187
0.9084490461204657 0.024290852592366678 -0.417289199283449 -1.09871345517451 -0.02840735214084877 0.9995897426959297 -0.0036563138379554013 -0.07616124103050709 0.4170292091998634 0.01517565525059186 0.9087663877019938 3.0116091104909866
0.8902571097690616 0.022896615486808387 -0.45488241621926895 -1.2435759691605044 -0.02750598383148417 0.9996154536829613 -0.003516475014401333 -0.07660731098568516 0.454627000203613 0.01564255454301635 0.8905445593050252 3.1862614630598074
0.8712704576110395 0.01822718041636789 -0.49046462355624126 -1.381720448311541 -0.02328978102106095 0.9997198507996998 -0.004219714327535762 -0.07783418225657852 0.49025033128975964 0.015099325601426879 0.8714508796787271 3.3290023299757716
0.8469619283982427 0.01669824826800839 -0.531391235904477 -1.5521572395002485 -0.021364560278942808 0.9997682774622372 -0.0026356984970868553 -0.08126972618933612 0.5312241155740162 0.013585276231332846 0.8471224197792534 3.4961347708374113
0.8211568484575731 0.020938572745083074 -0.5703183229345063 -1.7301759333986257 -0.024664017624074618 0.9996950875470832 0.0011908529592924546 -0.08509320857462217 0.5701693890196653 0.013088464179907661 0.8214228977184962 3.6678222671300955
0.7919060445437103 0.02528649531682284 -0.6101191608687242 -1.9244042954194485 -0.028611051761682667 0.9995814054691438 0.004292031101745575 -0.08870791692365768 0.6099723292179849 0.01405726560735518 0.792298031178321 3.8402125186576463
0.755941695730646 0.027163659213357904 -0.6540751227194099 -2.148919821639403 -0.030818416675515846 0.9995076375715294 0.005891316809479178 -0.0911623852350878 0.6539131430912712 0.015704067676053583 0.7564066404260158 4.002926414686669
0.7198145178451509 0.025067152601644462 -0.693713682275234 -2.360151848631533 -0.027899724334029638 0.9995850100399912 0.007170289673760216 -0.09091842141047075 0.6936055714532438 0.014193142304155009 0.7202151697763108 4.121196779764053
0.6803723399524949 0.02166039771648264 -0.7325464344718067 -2.5836641120642043 -0.02303891496809223 0.9997012521394432 0.00816179017765871 -0.08935007433294671 0.732504411997407 0.011324019715539275 0.6806681133796488 4.229199872039729
0.6345825677583024 0.01969999860134064 -0.7726039374829284 -2.850716954976355 -0.019198259947287768 0.9997684115177791 0.009723687074811539 -0.08775423058898583 0.7726166065144497 0.008662170455481257 0.6348138126531642 4.355299706794639
0.5902197117414616 0.020052199004839344 -0.8069935365004802 -3.1129526835468613 -0.01693084588153725 0.9997790274131679 0.012459644762248432 -0.08501376047974432 0.807065096625605 0.006309157284559211 0.5904287913299303 4.46839904970117
0.5428472693664977 0.0206323854294368 -0.8395779361839193 -3.390635495673928 -0.014900241834898433 0.9997774369088079 0.014935172943166276 -0.08095430106445646 0.839699267291596 0.004402398894199605 0.5430338804627095 4.5705282322720935
0.4881956480272377 0.02198082756375781 -0.8724573421131715 -3.717666461590495 -0.01383367313250173 0.9997520834865488 0.017447091687638003 -0.07562169934099451 0.8726245906109624 0.0035516981977558888 0.4883786932333102 4.679683097533337
0.43672352463607134 0.02385362804761665 -0.8992794484833445 -4.034371569617216 -0.012772978862637546 0.9997120425192446 0.020314601146501486 -0.06886493572449094 0.8995051160852399 0.0026146161820912546 0.4369024501485886 4.7702037581841585
0.378503410307864 0.025977996479578217 -0.9252352505034294 -4.402040725427684 -0.011933175966493324 0.9996599486560493 0.023185908304961027 -0.06093904875502349 0.9255229926629398 0.0022650528915824546 0.37868470119365705 4.853976085997118
0.3254560094907451 0.028384750327742517 -0.9451310209230934 -4.752243706903965 -0.010601746422335124 0.9995960375210673 0.026369769485121024 -0.05256062207853819 0.9454977699778013 0.0014378429091941964 0.32562546691117183 4.915478233473447
0.2727278263857775 0.03113205967186028 -0.961587375606867 -5.11495573762455 -0.00761735245363304 0.9995148641432586 0.030199541830755825 -0.04159217517705264 0.9620610970546115 -0.0009115015667212976 0.2728326617533925 4.953414539038898
0.21690353105403806 0.03238572361259947 -0.9756556642439363 -5.529925884002631 -0.0037135167980626646 0.9994696825236138 0.03235063473998537 -0.03068659829414006 0.9761860044360473 -0.003393848870559746 0.21690876982084417 4.983274103813582
0.16914327538547 0.033217937569299326 -0.98503150822723 -5.928134870453453 -0.003288275316859585 0.9994453307163317 0.033139375695166194 -0.020854322736338946 0.9855860124185123 -0.002366243483046677 0.1691586881161058 5.010651843338538
0.12110322087530768 0.03408220663399956 -0.9920546172621004 -6.3880643255016585 -0.00536488393517549 0.999418259057835 0.033680284193306244 -0.011263117809071526 0.9926254464396621 0.0012434708115633348 0.12121561884990084 5.035585253499402
0.08195244886832893 0.03349107467508752 -0.9960733377858049 -6.820274003909987 -0.006796381576701882 0.9994307634522556 0.03304479253379994 -0.0024781492824804347 0.9966130918183441 0.004061596292151174 0.08213341825826062 5.045874204006901
0.04653368771811476 0.03156653569602833 -0.9984178082204183 -7.263568800884002 -0.006847291569845644 0.9994871685535804 0.03128121693973587 0.005548708409792592 0.9988932777070062 0.0053808307999769905 0.046725970649882376 5.0408503474140005
0.011079681054864746 0.02882027489782568 -0.9995231775336564 -7.76295863596468 -0.006003988866184873 0.9995684570075356 0.028755032578377273 0.013745990245919205 0.9999206181914838 0.005682532779570538 0.01124793790074756 5.0187230031135535
-0.017306988578316085 0.026821815699953382 -0.9994903743475643 -8.233194410693207 -0.005958735905784293 0.9996196031447975 0.026928469877880865 0.020589113535409178 0.9998324917437382 0.006421753168013509 -0.017140579345901883 4.991138652979676
-0.04290765224935596 0.024710017341368903 -0.9987733970277288 -8.76961267924034 -0.006554668174776369 0.9996656199711748 0.02501368775990698 0.0272761520667916 0.9990575657083813 0.00761990993721314 -0.042731337235527994 4.956767670450194
-0.06112306088559344 0.022938697464192817 -0.997866593240127 -9.27201687521186 -0.006607355475232578 0.9997046827637066 0.023385681700706304 0.03463958440839782 0.9981083929665655 0.008022666827527341 -0.06095344447998799 4.919121294681216
-0.07578057867530547 0.02256833652515071 -0.996869060871511 -9.788956353154381 -0.00556277102456686 0.9997187048880426 0.0230557297165444 0.04391794008961221 0.9971090257468707 0.00729253406702469 -0.07563371789767624 4.8740477255473635
-0.08828609584507899 0.023396377325854378 -0.9958203278529465 -10.376727752857922 -0.0057109767351809565 0.9996957960466917 0.023993751524670072 0.05304108424625502 0.996078811988935 0.007805424508136016 -0.08812562111750451 4.820249056667794
-0.09645736185451247 0.024874079809361644 -0.9950262348970033 -10.926007011280484 -0.007279530977841816 0.9996433194758734 0.025695179692912292 0.061046233915749266 0.9953105220867179 0.009721816413980238 -0.09624188417747183 4.769187633994575
-0.1027172756883521 0.026187254609065912 -0.9943657977173884 -11.545927612335175 -0.00823533504471637 0.999596748303484 0.027175725309823713 0.07177872995969604 0.9946765253499217 0.01098035466134753 -0.10246019237769692 4.70775587184021
-0.10584215274998508 0.026814470770733623 -0.994021314454822 -12.12231352695517 -0.006982113751212233 0.9995916698365404 0.027708188256223162 0.0838572329995171 0.9943584556446818 0.009873067034221002 -0.10561171094072806 4.647996287554357
-0.10631631380309707 0.02812908998962025 -0.993934377333302 -12.77329241190026 -0.0046413267166295034 0.9995748452154389 0.028785185947883634 0.09844206236668304 0.9943215521285297 0.00767351220786948 -0.10614055503264319 4.58288578617333
-0.10530286687365598 0.030509076012894328 -0.9939720585659362 -13.38371979485409 -0.003968827116540186 0.9995084145862724 0.031099479604101386 0.11178301579869608 0.994432302457739 0.007219770847559909 -0.1051300146848969 4.5232602446299
-0.10384809854299439 0.03222490034198989 -0.9940709627072745 -14.00354391739501 -0.005416882612309443 0.9994418305141567 0.032964903412127204 0.12502260021994213 0.9945784430373128 0.008808111249410583 -0.10361557361318631 4.463251924421684
-0.1019880489382988 0.030716424484259996 -0.9943112640421816 -14.700118492835543 -0.007360761377958809 0.999472514269927 0.031630878106649746 0.13904022916479525 0.9947584162111304 0.010544862243812044 -0.10170815384214092 4.395407850344356
-0.10057517052453291 0.029393795041111236 -0.9944951435480704 -15.34778522845904 -0.008404833250166582 0.9995027248621389 0.03039180479116954 0.15268322982664995 0.9948939860210209 0.011415229424003893 -0.10027810546417953 4.3312936522345735
-0.09894824734327094 0.030487049942555078 -0.9946254243488114 -16.07918615562473 -0.008112704581931869 0.9994726310345885 0.03144270777669573 0.1710542446187859 0.9950595348795723 0.011180305720061009 -0.09864873109439912 4.260066168374083
-0.09722839758466559 0.03333399921871113 -0.9947036914508848 -16.760512797791183 -0.008480647441848633 0.999374930057613 0.03431949658927064 0.1896382526052785 0.9952259878635104 0.011772563543569618 -0.0968849275536351 4.194270216447992
-0.09533981190008899 0.036715074070846135 -0.994767447266126 -17.525506297228546 -0.009474859102607584 0.9992408487440616 0.03778826969447879 0.21003884136738124 0.9953997171608016 0.013028010311475841 -0.09491956281884077 4.120873289237216
-0.09366294822858451 0.03752614442222678 -0.9948964725669224 -18.233182742520885 -0.01052230445415442 0.9991962873855037 0.038678940905266856 0.22977560205036368 0.9955483829847303 0.014091389454173014 -0.09319280702940998 4.053563972368779
-0.09190597961986618 0.03575451480367926 -0.9951255479036942 -18.95012235013298 -0.01222108606421245 0.9992393849405586 0.0370310235768663 0.24868292488627988 0.9956927164569808 0.015564889482936783 -0.09139911395863642 3.9858211717742864
-0.09022416225230498 0.033663100613500196 -0.9953523731383936 -19.754659251469132 -0.014093623187749463 0.9992853492730631 0.0350736448584944 0.26874015856388833 0.9958217812369986 0.01719261329716633 -0.08968524685091725 3.9104180753404933
-0.08871092919579528 0.03460287476346681 -0.9954561580428298 -20.500386997938723 -0.013122239006032557 0.9992690582232925 0.035904821105350565 0.2891555165784354 0.9959709973435769 0.01624776558855416 -0.08819201789365981 3.844327576971012
-0.0873803505371002 0.036577394451097846 -0.9955032491211978 -21.333542259717767 -0.010979977202542086 0.9992296042482617 0.03767808607575637 0.3124970929898917 0.9961145336323848 0.014222929556102302 -0.0869114125397971 3.773234913456281
-0.08615060536595895 0.039016019988652284 -0.9955178420301217 -22.099243132448954 -0.009426163225535694 0.9991562435296302 0.03997434880707207 0.33472196940768656 0.9962375571737023 0.012827730425166687 -0.08571014226905692 3.707965203863521
-0.08518519373329715 0.038287191650439055 -0.9956292101693721 -22.870052133503613 -0.009132537354371492 0.9991894350498155 0.03920548099440943 0.35560114514465707 0.9963233055682368 0.012432349906697565 -0.08476648479991658 3.6412015480719044
-0.08462896262218281 0.032051220134538136 -0.9958968864490204 -23.721112505876565 -0.008148350140275777 0.9994268381956251 0.03285725991723402 0.3722153915976895 0.9963792414376701 0.01089559504019648 -0.08431929038102513 3.569018504009876
-0.08445621183013376 0.02672985503892256 -0.9960685787799621 -24.50378481403296 -0.005818266496114104 0.999609855196393 0.027318220785445532 0.38389544807920406 0.9964102296511769 0.00810258896942334 -0.0842677386725966 3.5049647211579082
-0.08484955114700493 0.023693369534586076 -0.9961120059666465 -25.378208350474328 -0.0034651147919789052 0.9997041745063194 0.024073979011844666 0.3964182615362583 0.9963877740846347 0.005494312223918957 -0.08474234865673502 3.43327867940654
-0.08505077145946036 0.02800123182220462 -0.9959830559745457 -26.183039946068902 -0.0032660157717145067 0.9995918258701482 0.028381593152022242 0.41377348765793265 0.9963712907896219 0.005666776198080764 -0.08492460188102993 3.3634064428905965
-0.08521445036913448 0.03498151552048914 -0.995748332395327 -26.9938534271448 -0.004247525728810311 0.9993616456617411 0.03547195773219763 0.4355716968102727 0.9963536047334753 0.007252193246617854 -0.08501146687304205 3.290809704885469
-0.08553872486451813 0.04150999201703001 -0.995469737109855 -27.88817990944932 -0.0057450726611190705 0.9990945730436194 0.04215481452934875 0.4636978126989149 0.9963183077593369 0.009324917955380046 -0.08522279627734612 3.2100119528011466
-0.08582364036853513 0.04475403094462508 -0.9953046417185034 -28.69511847445311 -0.007637971157581348 0.998931686040447 0.04557574116337698 0.49013028045635715 0.9962810917782002 0.011513586751960545 -0.08539012217718638 3.1359299866221386
-0.08621427186328572 0.04329862700806168 -0.9953352593997786 -29.581397956896463 -0.008502996642616643 0.9989867815748155 0.044193997681034235 0.5175634302859997 0.9962403565688109 0.012273488178939225 -0.0857587482960293 3.056201387240516
-0.0865769784243738 0.04022340900142321 -0.9954327976255832 -30.38708265154305 -0.008391054186973099 0.9991197121615674 0.04110220302259884 0.5408985467878421 0.9962098507318408 0.011911237622537894 -0.08616324736316021 2.9854343697878267
-0.08682648115912106 0.03930583663757614 -0.9954477202749876 -31.19419205768103 -0.009127965409702109 0.9991480213933472 0.040248126621361645 0.5650431518236494 0.9961816561720537 0.01258101800464489 -0.0863937229436158 2.9131719505524902
-0.08679403499559113 0.04129785883880598 -0.995369897449871 -32.08493059721592 -0.010377711791026678 0.9990487085806989 0.042355414077663314 0.5929883016523833 0.9961722482905259 0.014005861446370454 -0.08628288970372687 2.832437568269694
-0.08675108272708561 0.04193221732564824 -0.9953471199504875 -32.88978315745624 -0.011351823453785525 0.9990073127176594 0.04307580952921416 0.6172165489290569 0.9961653655029824 0.015035879982426134 -0.08618895730827507 2.760608372860029
-0.08647606871928588 0.03841630887558557 -0.9955129467672034 -33.77355198103449 -0.012330145350287904 0.999138451560431 0.039627291351053764 0.6407037819488006 0.9961776481807246 0.015701633694733944 -0.08592788513513462 2.6823715190150272
-0.08616623493975276 0.033878819069681515 -0.9957045525863243 -34.57288919999874 -0.013229925648875521 0.9992946197317806 0.03514586880223071 0.6586660646861165 0.9961929525483941 0.016201486312316712 -0.08565723913588799 2.6119192886633376
-0.08589723494276762 0.03198725079275732 -0.9957903550920595 -35.37589612714151 -0.013807532410780213 0.9993502645780187 0.03329265344340896 0.676903536802133 0.9962083450583803 0.016609156344970125 -0.08539975788230733 2.5420235246247174
-0.08522473778080639 0.03361813330010103 -0.995794414346038 -36.26262973278997 -0.013175905084388793 0.9993051959974116 0.034864320258152864 0.6992430445920469 0.9962746555470858 0.01609179717901397 -0.08472257237386438 2.4669572316776085
-0.08476588855216431 0.03684088420801771 -0.9957195608283277 -37.0701122174048 -0.012693224276792942 0.9991952134617487 0.03805006608070638 0.7223506244677491 0.9963200669906321 0.015864241332798446 -0.08423003891212999 2.3997595975496235
-0.08419766100303142 0.042593468221951716 -0.9955382969591644 -37.96057344551249 -0.011880651881173349 0.9989720757709085 0.043745194849615775 0.7536436520279588 0.9963782683743033 0.015510889041893738 -0.0836050724242158 2.3264373907304448
-0.08406148942440438 0.0464455656517015 -0.995377529256543 -38.77097114379365 -0.011505344382797114 0.9988013106569537 0.04757698030064838 0.7849323543025403 0.9963941703679107 0.015451555111398525 -0.08342635198620638 2.2603076202212478
-0.08397156257455961 0.048710988822723685 -0.9952768290985716 -39.57774603069229 -0.011628978782442786 0.9986885580114269 0.04985911300940048 0.815932069910641 0.9964003177582468 0.015760802729996186 -0.0832949780852087 2.1939426081602136
-0.0837992248254654 0.046533998611175284 -0.9953955129546054 -40.45916286962582 -0.01121724964145159 0.9988016988259014 0.04763758923534886 0.848571473519903 0.9964195466406465 0.015157595073058715 -0.08317682303752535 2.121657641014175
-0.08356081480204999 0.042299821519316175 -0.995604472515012 -41.25742451205787 -0.011561344093597352 0.9989902693283363 0.043414021223429335 0.8732791342818472 0.9964356352783765 0.015138238943065277 -0.082987396497889 2.0552286056923474
-0.08320908110667513 0.03879727863081108 -0.995776566498018 -42.13297135847154 -0.013995205706022635 0.999097809338109 0.040096155503305315 0.897841631226537 0.9964338576863313 0.0172724639058976 -0.08259103316640029 1.9790148569305652
-0.08345220574418391 0.036336071365490455 -0.9958490697356044 -42.928901061199916 -0.017683773417456503 0.9991236326448273 0.03793746066247263 0.9185476058843853 0.9963548881921237 0.020776335345825434 -0.08273651051954818 1.9072813576046594
-0.08391421271934449 0.034576877254851375 -0.9958728808947204 -43.727474673227 -0.018663251763689232 0.9991679604505561 0.03626389254507719 0.9388890956972824 0.9962982172255239 0.02162928343963582 -0.08319907423006163 1.8387857445917186
-0.08493504433420757 0.03205862530482927 -0.995870590617039 -44.60925386970813 -0.015911379180789054 0.9993111661228816 0.03352642706964757 0.9593502960655532 0.9962594621646673 0.018693244720756085 -0.08436643967476216 1.7691745058355635
-0.0858095799054976 0.029135204251759743 -0.99588543837509 -45.40776193741802 -0.012307270178271134 0.9994650659771764 0.03030037969853631 0.9750072276833855 0.996235562897807 0.014856696130640725 -0.08540510103032832 1.7061642042497178
-0.08702801744077888 0.029919305656097454 -0.9957564510632627 -46.28759355238447 -0.009590839232883154 0.999477413165684 0.030869344041564096 0.9958400124188234 0.9961597209576221 0.012236640345148295 -0.0866955849098742 1.633868516848911
-0.08878802518960759 0.034665596521331166 -0.9954471023048304 -47.08825941944882 -0.008365401285762178 0.9993329904806275 0.035547071090952315 1.0193067033913839 0.9960154397934033 0.0114834713144876 -0.08843880951608792 1.5655649904969238
-0.09041729723778047 0.0398418142392107 -0.9951066740076155 -47.888083362137046 -0.00639240047670007 0.9991556508373812 0.040584759839990346 1.045519792439617 0.9958834767321045 0.010030687477449096 -0.09008626703976624 1.496890076367171
-0.09226964362292185 0.04140918841619914 -0.9948726262392187 -48.75772450506655 -0.004766754300196691 0.9991050851244054 0.04202745612081109 1.0740365225259942 0.995722672514068 0.008620174776273635 -0.09198968112007272 1.4203308628314393
-0.09359599246586894 0.039412455712789805 -0.9948298342041627 -49.535932291094056 -0.00652813461379886 0.999170383646306 0.04019860711291687 1.0968635073293311 0.9955888826618827 0.010256814380913725 -0.09326105228816832 1.3447717667962984
-0.09470878763442331 0.03578211549796578 -0.9948617171719113 -50.3064073695129 -0.00995751450351166 0.9992697728933695 0.036888602005986114 1.1149764090432241 0.9954552441304174 0.013400027082360782 -0.09428332618814214 1.2656609861441168
-0.09613705026760348 0.03284542362619871 -0.9948260130753243 -51.150147814465235 -0.014646544861005745 0.9993005202157588 0.03440856092030449 1.1332613810152876 0.9952603658835117 0.01787870307407628 -0.09558873079325708 1.176719744479855
-0.09722818728627688 0.03250421488406481 -0.994731172832708 -51.918076570004146 -0.017678608563958892 0.9992524644075484 0.034379924649004134 1.152122998000884 0.9951051180664595 0.020928162042134928 -0.09658087488706402 1.0965785226467748
-0.09834175028978015 0.03406023304007476 -0.9945696311814911 -52.761769469941456 -0.018577903887217216 0.9991771111263197 0.03605498781691661 1.17522442371653 0.9949793019132595 0.022022730727347898 -0.097628056644437 1.0119639247571737
-0.09930603628323577 0.034390991190194176 -0.9944624283923558 -53.52579284407926 -0.019286562154721326 0.9991482934403936 0.03647898432895405 1.1961704561846065 0.9948700363717888 0.02280234576749004 -0.09855817111471117 0.9354118571541788
-0.10004458123178428 0.03406994804286918 -0.9943994524429547 -54.28274512075682 -0.020841297101914152 0.9991225524045542 0.03632857931527193 1.2163855538045818 0.9947646815664541 0.02435905269914913 -0.09924673387025948 0.8573052885800182
-0.1006269317249761 0.03496867126532622 -0.9943094906783275 -55.11434336353852 -0.02063796083122064 0.9990937556958535 0.037225555371838685 1.240288844587713 0.9947101812937474 0.024266414522975344 -0.09981405549752582 0.7735393918358734
-0.10101594079934996 0.03684921299276147 -0.9942021252268852 -55.86950152583971 -0.01926867036898284 0.9990539247570869 0.03898684205590306 1.2648676490719086 0.9946982193732767 0.023095246507973934 -0.10021033520118161 0.6994732943547401
-0.10119459878753707 0.040766041307394564 -0.994031052641862 -56.69446147388189 -0.01910348844850353 0.9988962700680686 0.04291035416060934 1.2950788576972405 0.9946832458029371 0.02333175771546276 -0.10030413209792098 0.6164754698706764
-0.10149980161058443 0.04392537382615895 -0.9938653341077893 -57.43812801689793 -0.019303823763321546 0.9987497098892812 0.04611268306196033 1.3241538862463997 0.9946482806674705 0.023865830268485252 -0.10052496815179852 0.540780110721807
-0.10212422505434704 0.04494973528238823 -0.9937555607314614 -58.17594052559369 -0.019131678422300895 0.9987050751543236 0.047139706277996886 1.3525705858045753 0.9945876889975582 0.023826318628358323 -0.10113201639085138 0.4660440202064741
-0.10263128646225969 0.0444023234491756 -0.9937279322093223 -58.97831221859475 -0.01848427619803059 0.9987455993063236 0.046535573043734874 1.3823702871717887 0.9945477364783023 0.023144348227996842 -0.10168179930829148 0.3846307617393943
-0.1028386146585542 0.04169941431816302 -0.9938235903588852 -59.697552500819434 -0.01810983396469332 0.998876805049544 0.043785412831248184 1.4057831147085378 0.9945332084992023 0.022500812439570125 -0.10196793579178406 0.31108137623133647
-0.10289005729327848 0.038470062646608245 -0.9939485102338502 -60.472604345196665 -0.017943719679120222 0.9990174424288607 0.04052373062400929 1.4282358193897484 0.9945308987619508 0.022004623512689277 -0.10209866428687678 0.23146285231068206
-0.10222870912886621 0.03597524515755423 -0.9941101666248009 -61.16578032740564 -0.018488180644196456 0.999104517034198 0.03805721079036744 1.4466717820982375 0.9945891251021403 0.02226982894049973 -0.10147204665137939 0.16022212878190392
-0.10059696815042295 0.034284965178976924 -0.9943363323234478 -61.84539466236192 -0.0197476675336694 0.9991403992299018 0.03644848853244605 1.4641096222452172 0.994731284925036 0.023302431667338464 -0.0998334452492953 0.09146995399761712
-0.0974173571316721 0.03437970452076621 -0.9946496091724644 -62.57758180139262 -0.02145626785229828 0.9990983485162114 0.03663493727403139 1.4843203499992943 0.9950123299307685 0.024910347888759152 -0.09659185890318482 0.02031529325707828
-0.09281163814468936 0.035492263835142715 -0.9950508778720429 -63.228258711615524 -0.02123272175768888 0.9990666702221022 0.03761595476584209 1.5039525158362927 0.9954572924053748 0.024618837531191283 -0.09197141533946412 -0.03670380250495451
-0.0860550361586724 0.0370028101100732 -0.9956029696793581 -63.93021361857041 -0.020533926187217243 0.9990319065808745 0.038905110122014655 1.526865925262621 0.9960787811849436 0.02379161938553372 -0.08521191229270009 -0.09156630113832752
-0.07857797441833203 0.038392617808428744 -0.9961683889728782 -64.55156070467677 -0.020723484885454425 0.9989793132473714 0.04013563222913115 1.5473615640815825 0.9966925749004624 0.023797858062586164 -0.07770214050340976 -0.13481820226478783
-0.06892531980436997 0.03995029699000893 -0.9968215609207367 -65.15096406713204 -0.02222183917897393 0.9988884583911828 0.041569672472327894 1.5674705623482965 0.9973743228934429 0.02501641202998885 -0.06796093578484147 -0.1700803790442251
-0.055183391143730554 0.041749805818997544 -0.9976029757329637 -65.7870407275953 -0.024885976046619893 0.9987575438780876 0.043174725006040436 1.5892105793153657 0.9981660840905641 0.02720885181174932 -0.054075841949614505 -0.1967552830862044
-0.039651275874644946 0.043120227433996024 -0.9982827116278802 -66.34255080159713 -0.027204106507423782 0.9986515009374303 0.04421669843619052 1.6083195827553738 0.9988432123534348 0.028910637776282506 -0.038424757321811644 -0.20732597811969747
-0.018648244070778017 0.0441571484358268 -0.9988505089168564 -66.93118486334569 -0.028797470698448333 0.9985860633148406 0.0446831064601912 1.628894417628004 0.9994113260660864 0.02959762967423403 -0.01735026086076435 -0.2013559272774659
0.0038545394201555624 0.0449880115400285 -0.9989800654754788 -67.44337953079663 -0.029284525395280942 0.9985641339014 0.04485629532804148 1.6464924446081295 0.9995637093658769 0.0290817567238125 0.005166458970472386 -0.17862531250793617
0.03236236218480361 0.04506134217272185 -0.9984598654143612 -67.99611521734049 -0.028273784111323575 0.9986246349913206 0.04415236891273899 1.6657262381177989 0.9990762335935593 0.02680136400382223 0.03359190837190181 -0.1348958204227429
0.062429339264933534 0.04481338724152139 -0.9970427713578099 -68.46543927769271 -0.02711490235207711 0.9986988546589219 0.0431900442057002 1.6804088948220648 0.9976810158381922 0.024338392058599972 0.06356322182682884 -0.07526458685286536
0.09630909692058125 0.04499025287728474 -0.9943341416312818 -68.892980019446 -0.02638049991174287 0.998742391026425 0.04263456025038218 1.6926069483437534 0.9950018474603358 0.02212493660663121 0.09737484468239013 0.004147968510915205
0.13693673980681415 0.04467847811581735 -0.9895716818534408 -69.34617598533235 -0.025989714382957416 0.9988004766091079 0.04149870836010146 1.704522832728933 0.9902388160847886 0.020035988650453408 0.13793366344746769 0.11157604851521086
0.17757718111726625 0.045050329590018756 -0.9830751567281723 -69.73828675323654 -0.02546283188691509 0.9988275374714702 0.04117274219374543 1.715257162756631 0.9837774326982499 0.017720539323747665 0.17851608906509756 0.23093907305570305
0.22618086015010855 0.04511216186676081 -0.9730401140239284 -70.15322035415592 -0.0238909470689137 0.9988834245044864 0.04075692589029449 1.7271700394226572 0.9737923229541301 0.014028415122925313 0.22700608597308103 0.3875351633792364
0.2728703566151389 0.042427310708881685 -0.9611147928658157 -70.59053889135261 -0.018780605636715197 0.9990716232459261 0.03877087254671579 1.744038537473372 0.9618675081194008 0.007470898748771302 0.2734138422537099 0.5487154318158994
0.3258021914460815 0.03731972224299796 -0.9447010771773271 -71.10025402765423 -0.011955219301027005 0.999303351121563 0.035353715837572464 1.763098374274685 0.9453623902752233 -0.00022420587728787985 0.32602138870115815 0.7476785922678515
0.37510687685388316 0.03235874044357305 -0.9264165906298071 -71.48745591941731 -0.00680803286500504 0.9994597560453702 0.03215348781582537 1.766410946309417 0.9269565922915562 -0.00575391544767326 0.3751245284961216 0.9544747437264398
0.42945076762065143 0.029018411417211884 -0.9026239131955005 -71.82466734003857 -0.003848788192356088 0.9995333554468313 0.03030277583067588 1.76411823612396 0.9030820921360286 -0.009539537319983013 0.4293620539393694 1.207137355960944
0.47708008962661697 0.027986996658472083 -0.8784140691611894 -72.09589755001966 -0.0033865370946063247 0.9995439510907951 0.030007019995996913 1.7602992520055005 0.8788533195936603 -0.011340965065586458 0.4769572981991476 1.4542958468398335
0.5219675216513404 0.025480641091055706 -0.8525846622372169 -72.42975127470288 0.00039041447196213415 0.9995464602415361 0.030111815986166787 1.7678483267556133 0.8529652921101597 -0.016050245913058682 0.5217208420058793 1.716189905174471
0.5689951150894246 0.020128283542904794 -0.8220945059757782 -72.88144686524062 0.010408738402005891 0.9994440305192602 0.03167472470388666 1.794235249009435 0.8222750453447424 -0.02657972347856907 0.5684692624872149 2.0234102664111426
0.6105290038826233 0.01434318903097143 -0.7918639885220523 -73.2149642107997 0.01646569887552754 0.9993900193304127 0.03079724415245582 1.8076121428188674 0.7918227369449045 -0.03184119735855244 0.6099204236719904 2.3170053554453434
0.6549662114972824 0.00939151367875731 -0.7555997829674802 -73.43392436072807 0.015867332780693938 0.9995313745490981 0.026177456547597656 1.7925494818319576 0.7554915732678636 -0.029134695869510497 0.6545102606347473 2.6507236678464285
0.6944464662467476 0.0029417677636236154 -0.719538341508079 -73.5972677745618 0.013296064677753317 0.9997684396614978 0.016919865309746773 1.7420585673179525 0.7194215351493181 -0.021316963390677863 0.6942465472248499 2.968069382505865
0.7368423395850804 -0.00291033444853076 -0.6760583354459307 -73.75922809347115 0.009591675368824252 0.999935089766048 0.006149478646159413 1.6850476271956183 0.6759965890303815 -0.01101572435617376 0.7368224270399331 3.3390381893969145
0.7738532540221399 -0.005407493256315725 -0.6333418345722097 -73.91983910761768 0.007206551104984532 0.9999739967043967 0.0002675637968565982 1.6511579521913011 0.6333239503627313 -0.004771262515482491 0.7738721016637778 3.70331420886503
0.8085247591979108 -0.006532008647948377 -0.5884258904420243 -74.0901156813242 0.0065337032008964775 0.9999764016652044 -0.0021229435240503495 1.6249443564288462 0.5884259010369258 -0.0021281453791648216 0.8085483584898363 4.094739369931886
0.8434458439441773 -0.007645808486739678 -0.5371597851359834 -74.25846779899027 0.005629603328172004 0.9999696070158796 -0.005393761928441377 1.5878846663569404 0.5371847257503797 0.001525351192289373 0.8434632528130129 4.550831516590856
0.8714396706618479 -0.006941158089440105 -0.4904535737308226 -74.39741827841212 0.00466137629503634 0.999971908238289 -0.005869783305132194 1.5656315087719372 0.49048056362330755 0.0028289746303068073 0.87144754649685 4.989842293194759
0.8971795279261986 -0.002455750880082385 -0.44165920524629554 -74.551357883578 0.0006287876826707501 0.9999906305565214 -0.0042829243641074755 1.545416540363697 0.44166560700471563 0.0035648431652501485 0.8971726666843043 5.499014250656147
0.9164737723568727 0.0017423310166346261 -0.40009096504066294 -74.6704504874087 -0.004220995069519455 0.9999769712801653 -0.0053141417756287605 1.515190364307824 0.40007251245526443 0.006559053943596699 0.916460022125177 5.97960334140589
0.9321886932259859 0.005802613430516883 -0.3619261842702849 -74.79360168646461 -0.00847418267732194 0.9999473038424382 -0.00579463069567556 1.4945116687325561 0.361873506234587 0.008468717798097792 0.9321887434228059 6.482545568065882
0.9453280409583129 0.009094951039038495 -0.3259941273968398 -74.95241352757358 -0.010987382773139081 0.9999317784031879 -0.003964331627146988 1.4844607971724466 0.3259358484396981 0.007329416125757466 0.9453634793778654 7.06559484061036
0.9541895667232989 0.009343197712216913 -0.299056801534175 -75.1158334214525 -0.010458165904135973 0.9999430474597248 -0.0021280423804415733 1.482079177238039 0.29901990170370163 0.005158141714769152 0.95423293637703 7.621726020023647
0.9615528940022866 0.008815495748293338 -0.2744782594984384 -75.29458712282899 -0.009303718261081673 0.9999566057283303 -0.00047691385600213715 1.4806309375083335 0.27446215818539105 0.0030122467492832566 0.9615931854308011 8.252815997188433
0.9668606255104069 0.01021538984037557 -0.25510031959656493 -75.44349279839757 -0.01001103297316938 0.9999476842636632 0.0020995017965491245 1.4799651096658573 0.2551084337932009 0.0005238928352470555 0.9669123104916997 8.843450086360045
0.9710392749477288 0.013158763272684464 -0.23855726839808838 -75.58429896231455 -0.012640503832210645 0.9999132517179483 0.0037022490381770925 1.476860156293309 0.23858530288067467 -0.0005795443121527096 0.9711213727356954 9.447510452424295
0.9746739908311253 0.017960491240671776 -0.22290811915385694 -75.73289515767209 -0.017155855308649152 0.9998374469972502 0.00554582303985507 1.474333597483768 0.2229715015854514 -0.0015811891042978414 0.9748236825940467 10.127810503074402
0.9775240264933739 0.01878670749972515 -0.20998532039167284 -75.86989974141318 -0.017911799466888787 0.9998211589533825 0.006067741890587959 1.4748518956666854 0.21006176975163127 -0.0021701475633053614 0.9776857091495184 10.7654908814181
0.9802126248936405 0.018412160519300627 -0.1970893202477974 -76.00385538325662 -0.017600162582750534 0.9998278685234018 0.005870906538785406 1.4757010632376037 0.19716350086397955 -0.002285931683822906 0.9803679567841934 11.418944697969506
0.9831020061764212 0.018648014469460957 -0.182106274261334 -76.1363524851804 -0.017863148015805262 0.9998227407936512 0.0059493594224878385 1.4745208653890522 0.18218494705747054 -0.00259583491209208 0.9832608548330275 12.153300919748933
0.9855584858399015 0.019367290721758173 -0.1682241879721193 -76.24607173700035 -0.018538164069183984 0.9998070379200937 0.0064979490156968365 1.4734894399151879 0.16831758312452644 -0.0032855402037269264 0.9857273447124478 12.835451531724612
0.9878786768957881 0.02007094968338401 -0.15392490163615344 -76.36048250383683 -0.019481067057602938 0.9997959664631128 0.005339795412620416 1.470845862056407 0.15400067822031208 -0.002276447896116646 0.9880681202820658 13.601426856878877
0.9895836189497091 0.02099700340318743 -0.1424197520388243 -76.45879752348453 -0.020922762733434803 0.9997790563948982 0.0020189959110656175 1.4629678274152522 0.14243068526147684 0.000981849696082023 0.9898042923225002 14.307069705403418
0.9910133513738144 0.0198595073628417 -0.13228052138678167 -76.55187868273669 -0.020543628398925796 0.9997817022228506 -0.00380883144668659 1.4429960312999863 0.13217600992440667 0.0064921241681360105 0.9912050018980104 15.026301225277887
0.992243743419922 0.018793517998527385 -0.12287862479900606 -76.65050336506035 -0.019918947454963816 0.9997700957666245 -0.007936694683380836 1.4217901860861741 0.12270122220560918 0.010322747411657646 0.9923899696532992 15.83204385586866
0.9931220939153876 0.019268863388645325 -0.11548686802729437 -76.73528475870891 -0.019993571769842365 0.9997869985386342 -0.005120020416470763 1.4145156171903916 0.11536361794318518 0.007393799673917446 0.9932958110288427 16.578637846632947
0.9937181047624176 0.022782372128740132 -0.10956865912732643 -76.81704539259184 -0.022738562641992074 0.9997400846583417 0.0016495004458085363 1.4156045375878348 0.10957776553424133 0.0008522955688908583 0.993977860750426 17.331108537000052
0.9942089904857402 0.02565271459723244 -0.10435717896519024 -76.90343955189921 -0.024871965488166288 0.9996521209398433 0.00877624007751816 1.4192898935634417 0.10454601484400936 -0.006129847447650522 0.9945011596088691 18.15817307088091
0.994603105399856 0.025219564440476152 -0.1006411231751945 -76.97947706502835 -0.024349209921101754 0.9996548158198963 0.009867377552539785 1.4235321329116206 0.10085523940230545 -0.00736359116970211 0.9948738607879737 18.909079916191274
0.9949754139602661 0.024674837246257617 -0.09703132195261747 -77.05978915025845 -0.023903410634542977 0.9996728101279858 0.009104921995402445 1.4260130206766815 0.09722424156295581 -0.0067397927475042 0.9952396810186672 19.73371928724613
0.9952816154932423 0.023758306688356445 -0.09407469467533686 -77.1297539275379 -0.02295472751182365 0.9996902675311243 0.009615063164551208 1.4295520295685222 0.09427399896678215 -0.007410235279402364 0.9955187100837796 20.48497673500822
