1.0 0.0 -1.2037062152420224e-35 0.0 0.0 1.0 0.0 0.0 0.0 0.0 1.0 0.0
0.9999962229427047 0.002719226411068136 0.00039990513511322994 -0.0018087297995918168 -0.002719818407349292 0.9999951971738684 0.0014860008949026914 -0.006551688887812548 -0.00039586246888635533 -0.0014870827422628077 0.9999988159393607 0.7691024853560862
0.9999847106074685 0.005480191303772405 0.0007389749104226376 -0.003572892844289131 -0.0054821516605193694 0.9999813924824387 0.0026759426420232945 -0.012485225054693854 -0.0007242965327554526 -0.0026799525243665656 0.9999961466189201 1.525217145368856
0.9999709433526294 0.007527742926734266 0.0012023204517194236 -0.004043028177335114 -0.007530966382273612 0.9999680017046624 0.0026981607608228056 -0.019232357737013046 -0.0011819709944973981 -0.002707136618722902 0.9999956371699603 2.3435593537713544
0.999955225703363 0.009348990685218085 0.001463900621655117 -0.004130383270506515 -0.00935262758512901 0.9999531472511702 0.002496320092273005 -0.025165060245784698 -0.0014404940504221231 -0.0025098992915883285 0.9999958126836554 3.073095193257643
0.9999447448799317 0.010358575985168955 0.0017908480586245291 -0.003288534773730171 -0.010362492067234642 0.9999439090385683 0.002190316672854308 -0.031200325724511493 -0.0017680591528805593 -0.002208752993282025 0.9999959976812628 3.7883347803716276
0.9999407667463301 0.010657062456171028 0.002211349356495896 -0.0023252473556846756 -0.010662705929142199 0.9999398869764515 0.0025552077992034867 -0.036074805938436164 -0.002183985545067107 -0.00257863506030056 0.9999942904086261 4.5545427528523135
0.9999332036519353 0.01123293934487026 0.0027220134577513842 -0.0019157243718546987 -0.011244829852659054 0.9999271282465046 0.004392259787834231 -0.03827948084275425 -0.002672477271389751 -0.004422574363884162 0.9999866492630092 5.232238943379116
0.9999270012792966 0.011437404768834375 0.003895887031067897 -0.0001702060589530239 -0.011467826383557833 0.9999032134624063 0.00787734799514697 -0.03728063544836504 -0.003805413771124045 -0.007921449203032666 0.9999613839902516 5.955622755290705
0.9999267477299483 0.01091879013487373 0.00522295392291964 0.0015656695349271555 -0.010978056418892327 0.999874112365963 0.011456074654329592 -0.03324592601301115 -0.005097210244830267 -0.01151257173190243 0.999920736428401 6.587790678721717
0.9999270508517119 0.010283480624519602 0.006335854517628472 0.0023530332397009475 -0.01037394851137573 0.9998422827736421 0.014414947966363927 -0.02772824478084959 -0.006186619771236662 -0.014479622193532757 0.9998760254507149 7.197496969876795
0.9999201840058218 0.010046266353993522 0.007661475179212934 0.004428343780859633 -0.010166462031522489 0.9998232661637002 0.01581390039083861 -0.022558115472279844 -0.007501250916827016 -0.015890526044105728 0.9998455992836368 7.8405658372915354
0.9999032510014785 0.010736072145482431 0.00884451500822932 0.007996572405518028 -0.010867081430679972 0.9998299365344626 0.01489981560932082 -0.020615221232207076 -0.00868304587592538 -0.014994486023161025 0.9998498737783239 8.401239272870896
0.9998876821051774 0.01122275749080737 0.009933425613439954 0.011104069414472943 -0.011341580827961318 0.999863826582917 0.011987359344568847 -0.021529280687426353 -0.009797542257096782 -0.012098672008286133 0.9998788078046322 8.995121200381561
0.9998825606743628 0.010444773233785745 0.011214794970275636 0.013703909668295095 -0.010557657337498744 0.9998937219745756 0.010053883619656978 -0.022432594227747273 -0.01110859314714836 -0.010171103449006376 0.9998865674713356 9.513330864453252
0.999885381183115 0.007995645709215416 0.012856679003197086 0.016122537226608495 -0.008102101364024186 0.9999331493732002 0.008249405566078918 -0.023551526578304872 -0.012789860875236793 -0.008352624996997153 0.9998833197485294 10.007480849173788
0.9998798671083527 0.004750477153564538 0.01475413011577673 0.018551330917774774 -0.004844296949702724 0.9999682339258081 0.006329604472278094 -0.025019934273646387 -0.014723593553819888 -0.0064003166002116404 0.9998711175629557 10.521157257667966
0.9998423618616228 0.006147299807109193 0.01665719589224958 0.024703553799782937 -0.006231475148806991 0.9999680531250916 0.005006137051174734 -0.02924894053166675 -0.016625890374306392 -0.005109146121013728 0.9998487267535764 10.953275832905263
0.9997588332523428 0.010098996381396469 0.019500914342545042 0.04033989520667217 -0.010170367747166006 0.9999419287144531 0.0035640944954421876 -0.03781522103396555 -0.01946378911646323 -0.003761565954932252 0.9998034864560844 11.388340921011803
0.9996645884919149 0.012713073282054472 0.022562986063376436 0.05315007468110041 -0.012800356469621164 0.9999111220686241 0.003728107256193462 -0.04280482450749461 -0.022513586161488738 -0.004015670576189152 0.9997384722140574 11.758049809576306
0.9996053620797373 0.011131776863904274 0.025791543131404134 0.05607934820099692 -0.011252222446983016 0.9999264330056525 0.004529460698604208 -0.04266392649587662 -0.02573922609156031 -0.0048178847816134915 0.9996570813168922 12.117966974717461
0.9995646728606554 0.006569588793302424 0.028762915497626766 0.048247713416488085 -0.006698711778585751 0.9999679045646381 0.004395117902661878 -0.04233903087755757 -0.02873311967814493 -0.004585878507534461 0.999576599143733 12.505465363818303
0.9995128891439281 0.0023964911678161257 0.031116575636427828 0.040861038634206176 -0.0025541362160377765 0.9999841001917223 0.0050274973928547614 -0.04190478010176961 -0.031104034107385412 -0.0051045237850139945 0.9995031180076367 12.830324272287754
0.9994261872320293 0.0003490769746439623 0.033869963361581344 0.04317464588786069 -0.0005725803664094891 0.9999781258075828 0.006589388931841531 -0.04054433160783693 -0.033866923991642504 -0.006605000292643397 0.9994045254270492 13.135080352136015
0.999347116473957 0.00047749012657651995 0.03612634485777782 0.050830069892016695 -0.0007147252083049663 0.999978265681977 0.006554183329885286 -0.04286550326625265 -0.03612243194327247 -0.006575723792389543 0.999325737577653 13.37704818113599
0.9992679912008153 0.0010494422048524827 0.03824108295737352 0.05876881830093489 -0.0012561450449353818 0.9999847299909765 0.005381623311232616 -0.04780395841940526 -0.03823485324033484 -0.005425719605322071 0.9992540505728704 13.601461160672585
0.9991627612447602 0.0026207736442726277 0.04082778567084943 0.07290030454447713 -0.002789950600305874 0.9999877552687834 0.004087232050851316 -0.05590875408608214 -0.040816576089578435 -0.0041977170944910245 0.9991578385391874 13.821126458034115
0.9990640811660866 0.00500884323569651 0.04296362664162821 0.08808873994590426 -0.005165548787826598 0.9999804026816632 0.003537135212828677 -0.0623995825087214 -0.04294506987547518 -0.003755755050048611 0.9990703755538077 13.999977765256489
0.9989763540397721 0.007270962645432193 0.04464725272967036 0.09847368121464385 -0.007397699308254388 0.9999690613391249 0.0026740174511379056 -0.0689333017624581 -0.04462643096797648 -0.0030015668685484755 0.9989992353805224 14.199236869392848
0.9988941564499669 0.007539497583831923 0.046407113534254835 0.10419790640773544 -0.0076040282672093125 0.9999703518737254 0.0012141207404130598 -0.07645785561194535 -0.046396586119569774 -0.0015656590408213648 0.9989218715927739 14.390147028308178
0.9988208438291333 0.006575095920023755 0.048100831986215065 0.10593724438163737 -0.006569217002953348 0.9999783831511867 -0.0002803328075988345 -0.08416065308745685 -0.04810163782183641 -3.598269995963283e-05 0.9988424456260689 14.58941338324388
0.9987610509458446 0.0054351926602953585 0.04946535936516967 0.10702856115739387 -0.005362505866127014 0.999984338327155 -0.0016020634692265646 -0.09175139365332724 -0.04947329465036807 0.0013348199670837938 0.9987745548486655 14.803405749913765
0.9986929138989771 0.005386697774694017 0.05082762234236865 0.11370585686020883 -0.005257368423315825 0.999982594448652 -0.0026778455078238297 -0.09980230203612633 -0.050841164940738814 0.002407125291622144 0.9987038508676233 14.978306090970023
0.9986076977267441 0.006216995366805527 0.052383346447249825 0.12387127866353066 -0.0059915416485509555 0.9999721050391787 -0.004459882788737565 -0.1098535692057912 -0.0524096148969432 0.004139815523838789 0.9986170908991966 15.157299013872546
0.9985514585065862 0.006664843469349286 0.05339067848661131 0.13083984891494707 -0.006329171777058919 0.9999591446632413 -0.006453725857532223 -0.12109410099026358 -0.053431512920845484 0.006106457549694442 0.9985528451921606 15.32346339141165
0.9985075632894914 0.00635784514011769 0.054242269752146084 0.13762868987149263 -0.005904061760228268 0.9999462570610202 -0.008522032822181044 -0.1333524727041056 -0.054293539069994456 0.008189063174024435 0.9984914375654661 15.492143850059705
0.998500035871772 0.005459733619429198 0.05447815743539493 0.14448716481058627 -0.004886156753692441 0.9999312827495348 -0.010656231264705149 -0.14686457563422378 -0.054532596726248675 0.010374056827832562 0.9984580987006082 15.679754179103043
0.9985635168902772 0.004763583833733742 0.05336863283667158 0.14917422474835182 -0.004122597340205269 0.999918121570296 -0.012114221870945633 -0.15843740200026796 -0.05342197284330365 0.011876800745753953 0.9985013943057219 15.851385068487588
0.9986958326111168 0.004570868022743866 0.050850182547886265 0.1551640263147096 -0.0039042352879320452 0.9999052358624391 -0.0132013739454367 -0.17113906916020577 -0.05090570801793382 0.012985624049906401 0.9986190376977794 16.032992995391226
0.9988527429493232 0.004897202047014921 0.04763628135544324 0.16124817031368543 -0.004225225755796796 0.9998902917783045 -0.014196897962067434 -0.18332319650810908 -0.04770058268444874 0.0139793342782702 0.9987638522699558 16.192364175407448
0.9990570736513692 0.005316773987345062 0.04308938968527889 0.16519482305270297 -0.0046625506989500486 0.9998725470402687 -0.015269261213918991 -0.19542488042962086 -0.04316508313951136 0.015053954671437372 0.9989545304980425 16.34860679946891
0.9993125966429154 0.005396959515069447 0.03667706417649033 0.16795362196262614 -0.004805032793616968 0.9998570970336168 -0.016207936908799923 -0.20883778309798112 -0.03675929828551951 0.016020558613969834 0.9991957243833457 16.51437861591657
0.9995307067196885 0.005412233250867355 0.030150855463616285 0.1709010906693909 -0.004904092123314132 0.9998451265921057 -0.016901856771064764 -0.22207828201227292 -0.030237664152316004 0.016746059778267746 0.9994024479993835 16.659352130225614
0.9997392148829862 0.005557383463014964 0.022149892838009142 0.17455569393297496 -0.005162965201554348 0.9998278022717659 -0.017824411689549364 -0.23885690285930045 -0.022245136829010435 0.01770540161740119 0.9995957545653888 16.814050188059383
0.9998960631955576 0.005027852425852542 0.01351234784529714 0.17850373945177198 -0.004772152992881588 0.9998101878799402 -0.018889542985633258 -0.2556207777230651 -0.013604757498607163 0.018823093938008423 0.9997302644227652 16.942015550938436
0.9999889230055918 0.0038880414605360542 0.00265273909906323 0.1848710337901044 -0.003833513719233652 0.9997873967399893 -0.02025995000600403 -0.27864637783669016 -0.002730946721523231 0.02024955336781538 0.999791226912698 17.048705902253545
0.9999177519010976 0.00271766810290995 -0.01253410152862074 0.19225719078059644 -0.0029957242013353355 0.9997486445073626 -0.02221876558744827 -0.3094597777080877 0.012470568471110867 0.022254483701888216 0.9996745584374727 17.1528597984196
0.9995653490903309 0.002671609180977699 -0.029359416352446255 0.19759088053513288 -0.0033672812799468155 0.9997141277817378 -0.023671169030314024 -0.34549795444835235 0.029287784730664283 0.02375973843997675 0.9992885971808718 17.24484737056821
0.9987984693942793 0.003247303081833525 -0.048898592829446225 0.2018405045240589 -0.004428280278641974 0.9997006457411343 -0.024062613116390807 -0.38455655173557984 0.048805818736804424 0.024250234507104167 0.9985138548112252 17.319422558911526
0.9973462258603916 0.004081679904341689 -0.07269006325639334 0.20409074996169543 -0.005787041948646165 0.9997125700677433 -0.023265586015772548 -0.4264097956912725 0.07257421097199404 0.02362450169726781 0.9970831796182824 17.382066243438913
0.9952882374936561 0.004887613148280802 -0.09683715687444672 0.2013486893148714 -0.007043582430970672 0.9997345969275612 -0.02193453293561936 -0.4628423026938933 0.09670425337439695 0.022513260204628512 0.995058511347319 17.423008648961968
0.9919012303177092 0.00620676504725914 -0.12685986123751222 0.19450730596304502 -0.008831642251110498 0.9997581788900052 -0.020139163336424185 -0.5124330607843489 0.12670419117206044 0.02109643918181801 0.991716183743992 17.449172516450403
0.9875567129581682 0.006835045113959172 -0.15711466961610304 0.18182790762080195 -0.009707611765896212 0.9997993308111605 -0.01752313965826217 -0.5468939285125282 0.15696337797767856 0.01883030021950891 0.9874248929251948 17.429552299840793
0.98164984115152 0.007608461747613359 -0.19054054321558248 0.16339736582492229 -0.010510951036711274 0.9998435454314962 -0.014226896478286715 -0.5824111853622852 0.19040249702436193 0.015968591309529233 0.9815762299844569 17.379025172411843
0.9729253156705499 0.00866256013597101 -0.23095732767162974 0.11772161775175696 -0.01110798021552608 0.9998951493131288 -0.009289948499919503 -0.6105694749091876 0.23085264845007464 0.011603894582820925 0.9729195276694831 17.368685745761127
0.9628032650601043 0.011786484665370179 -0.2699461938475378 0.04571361256972943 -0.013495642639668279 0.9998989101672369 -0.004476275256218644 -0.6387425108803112 0.2698661589667885 0.007952869527269873 0.9628650020344544 17.4578545847032
0.9506049866958587 0.015251643365607616 -0.31002829134938137 -0.06041102323021424 -0.016034148967069395 0.9998714444491952 2.433156201301252e-05 -0.6651529185536439 0.3099888220637283 0.0049479103991075255 0.9507273287514078 17.665360267367504
0.9346500511977704 0.018811310525833107 -0.3550709923825727 -0.19377736285642103 -0.018111919036133774 0.9998219513996481 0.005293754007997503 -0.6932009293666549 0.35510737265545006 0.0014832105571482553 0.9348243475593074 17.88367617645858
0.9176728887584209 0.021627981716864253 -0.3967476417888517 -0.3306340406202517 -0.018430496113552637 0.999759674271605 0.011870571114052535 -0.7043828445044592 0.3969090494045775 -0.003581043599741242 0.9178509634259163 18.04657484373365
0.8983454320644979 0.025531025444240036 -0.4385471938664102 -0.5011712265400641 -0.01915229700488873 0.9996367221649534 0.018963469630145856 -0.7039233467366294 0.4388720580823282 -0.008636557524175848 0.898508061581846 18.279490481851354
0.8741754460047201 0.030592638598781786 -0.4846456104110005 -0.7264565271717892 -0.02105497390442007 0.9994628909064313 0.025112103947226724 -0.7035593515355744 0.48515357253156266 -0.011748180690908563 0.8743500464321304 18.62730490294709
0.8492335222130368 0.03480905911283836 -0.5268688068011408 -0.9415042725495347 -0.02268405229895419 0.999308566492359 0.029458831002686415 -0.716862976013113 0.527529972518335 -0.013065903603866542 0.8494359450914014 18.915158715471193
0.8186648570380081 0.038748178643345656 -0.5729628376519595 -1.1888391723364555 -0.024851674758658144 0.9991768298117022 0.0320633290600726 -0.7497913703789553 0.5737336159098434 -0.01201003094811721 0.8189539146148158 19.20573161565079
0.7881404192912849 0.041621559526402466 -0.6140865619747821 -1.4293756006245508 -0.02589766556041053 0.9990698914839852 0.03447699104256933 -0.7965818312623486 0.6149504116105724 -0.011269298053478415 0.7884852654188661 19.471923864794604
0.7547246147393032 0.04487829173542218 -0.6545049064432759 -1.6882207417411883 -0.026803346140560458 0.9989338060454049 0.03758765577579683 -0.8265280423210007 0.6554939797167914 -0.010825403654872036 0.755122821386392 19.68425583508423
0.7152270328053533 0.047800277353627005 -0.6972556201391724 -1.994963718598226 -0.026358225550760735 0.9987934817391373 0.04143458586574257 -0.8647645459545023 0.6983949880050522 -0.011256710955528463 0.7156240299745071 19.90323594274375
0.6773545896774417 0.048382401789575466 -0.7340639448870956 -2.296271383493346 -0.024125875392327373 0.9987591809682059 0.04356650899916149 -0.8962100149263091 0.7352609933657446 -0.011800035283118255 0.6776813842218248 20.086982657036884
0.6377717010926143 0.04830790408433869 -0.7687090302811274 -2.6272056141580697 -0.020789120534309858 0.9987472612956279 0.04551615836758076 -0.9083544992504599 0.7699448673196714 -0.013048128454408302 0.6379770199105486 20.263501989739837
0.592025692380495 0.04784251026576591 -0.8044977566948763 -3.010262251287896 -0.015498320714040446 0.9987276673925586 0.04798800489796539 -0.9331756270908774 0.8057700747491943 -0.01594176239498638 0.5920139186892281 20.43439527051811
0.5486258154038688 0.04905781497550031 -0.834627467648508 -3.3959271742893384 -0.012627857479605912 0.9986493749770048 0.0503980483651986 -0.9401581728535994 0.8359726587108764 -0.017110108178434898 0.5485043241300773 20.610831086248425
0.49812617332487547 0.049539705427254124 -0.8656882202687545 -3.8410791025016784 -0.010909971480439044 0.9986456603802675 0.050870597993940656 -0.9748007636754609 0.8670359420830748 -0.015895337051628964 0.4979920195190341 20.80898924625177
0.44958207221424445 0.04868039263432819 -0.8919115085814402 -4.261971959773928 -0.0075107779754377685 0.998684561690026 0.050722132032588484 -1.0080243163533282 0.8932074718560885 -0.01610480627924384 0.44935630382797404 20.94697086426342
0.39899198121498536 0.048384924898994625 -0.9156769382782746 -4.713175729452812 -0.0027015322812027546 0.998664545691918 0.05159289829603288 -1.0129830795075527 0.9169504577994998 -0.018111415851555582 0.3985898606059089 21.046849040693047
0.3424486395544485 0.04680160387037896 -0.9383701265730432 -5.221249683092904 0.0019420206011095539 0.9987211430351643 0.050520364992217265 -1.0492182831961472 0.9395345663641427 -0.01912295805285569 0.3419198085978492 21.136125023714072
0.29081400163253185 0.048899898844617706 -0.9555291570912394 -5.684659087534738 0.003313723435488976 0.9986356216177107 0.052114439185201464 -1.1420081126182549 0.956773892288176 -0.01832196164437589 0.2902551821325875 21.191479771853295
0.2403489418309996 0.05441981321939041 -0.9691598539201556 -6.210042922143086 0.004969542176770165 0.9983451503002149 0.05729105430923484 -1.160127168816799 0.9706738569144364 -0.01858611859952488 0.2396807605051847 21.260370750919577
0.18726526417668174 0.05766098646678655 -0.9806155631639502 -6.818609462740651 0.009928416595078086 0.9981136088814545 0.06058589592237398 -1.1474295345502412 0.9822592301885714 -0.02108158673796909 0.18633952798043743 21.3034978531455
0.14233175806897955 0.059201909085135174 -0.9880469397474709 -7.391977918732377 0.01383018970385395 0.997993336817366 0.06179017767398265 -1.1372806993372908 0.9897224081730509 -0.022459574066931297 0.14122737418119766 21.32873439961108
0.09704855750098364 0.060396469445354414 -0.9934454157120611 -8.045635897531652 0.015000271802547835 0.9979549640438736 0.06213599714647795 -1.1314852635424772 0.9951666286087096 -0.020932153136184913 0.09594412790537388 21.349431507761864
0.059951264398353965 0.05686954095669547 -0.9965799772450235 -8.586543275030008 0.014473921054636976 0.9982212900113527 0.05783391964774391 -1.2547343300291738 0.9980963887415052 -0.01789162989340792 0.05902150488767729 21.300489944742225
0.02537650977909982 0.05438734710838414 -0.9981973747669767 -9.215110652443824 0.012461640393274432 0.9984241636907997 0.05471651756905978 -1.3678648970586407 0.9996003152137471 -0.013827684876175148 0.024658766635002743 21.23964290034118
0.0010500006640495037 0.05633750945963806 -0.9984112039953476 -9.865874206760763 0.010867568065799445 0.9983521762044525 0.05634561788820537 -1.3595041422754717 0.9999404199409246 -0.01090945895199397 0.0004360203713189753 21.219667902441415
-0.016081950985975726 0.061171542119942676 -0.9979976768442532 -10.555061812948223 0.010541208008700231 0.998081684550848 0.06100683884379794 -1.3223723092180553 0.9998151347966024 -0.009538986592303388 -0.01669592103544024 21.207587874730876
-0.027817158613718192 0.0660377287936666 -0.9974292825672094 -11.336110470775337 0.01136712789221293 0.9977718145925453 0.06574340256194204 -1.2732005959874293 0.9995484200729156 -0.009509106038539692 -0.02850583448607162 21.18859208646225
-0.03410875064769712 0.06626870829744726 -0.9972186325539225 -12.056561826724474 0.011585230228268191 0.997758425119141 0.06590833120069972 -1.2313460796247986 0.9993510021719184 -0.009304951111730868 -0.034800029922290664 21.163263466317687
-0.03629703134434289 0.06307885702113765 -0.997348250641886 -12.862998690846295 0.014685868119684904 0.997931814295941 0.06258130593188571 -1.1901052381448283 0.9992331563655817 -0.012375403311619187 -0.03714832846934592 21.131346195161598
-0.03414777899529809 0.06007972126143969 -0.9976092952983647 -13.606019161445628 0.024944531590951734 0.9979317433095614 0.0592453094292162 -1.1578292189472332 0.9991054747158009 -0.022861793405625285 -0.03557581147102483 21.101071425610627
-0.029314735431639757 0.05895389276294109 -0.9978301632008411 -14.450172856354525 0.031218659032723254 0.9978262169230175 0.05803651341627865 -1.1201498720737009 0.9990826250919238 -0.029449586220033318 -0.031091471369795967 21.071257989259124
-0.023932691217349235 0.058763792040408006 -0.9979849662179001 -15.244296317262224 0.030132113564703956 0.9978597750926995 0.0580338324132145 -1.0745890038619992 0.999259391830674 -0.028682482280170247 -0.025652145468461805 21.048962724057503
-0.01946035365480387 0.05512678566210967 -0.9982896783678505 -16.13429054827071 0.03223456901913001 0.99799430485716 0.05448211396599319 -1.0341245556292344 0.9992908872594457 -0.031119187719620304 -0.02119830863387481 21.02650107587806
-0.017067637376005737 0.04659700485438369 -0.9987679233885441 -16.93134933318252 0.033410615829177634 0.9983821856124353 0.04600807352503954 -1.0366077509221903 0.9992959905264053 -0.03258419344857232 -0.01859685808054633 20.9867345060826
-0.015508452435833419 0.03749894106520217 -0.9991762944070378 -17.72500998722212 0.028844736613769597 0.9988973734264719 0.03704077467232113 -1.055111548977953 0.9994636157456451 -0.028246523737962523 -0.016572997842233157 20.919051568245976
-0.015756617034162673 0.031319515933293324 -0.9993851944936178 -18.625115264481646 0.022879997861650087 0.999258877601172 0.030954830754150342 -1.069518077070831 0.9996140679214874 -0.022378180320240002 -0.0164615282824639 20.836364897220022
-0.01802282667048744 0.032277007922719814 -0.9993164276195294 -19.489797989372644 0.015618574809565171 0.9993659273818905 0.031996930021532484 -1.054452066769075 0.999715603485465 -0.015031216928916735 -0.018515518131811178 20.767949627942585
-0.022035006214047026 0.04022315016501089 -0.9989476996675444 -20.49012222886935 0.00707295369237532 0.9991715944732381 0.0400761565101336 -1.0070179211928227 0.9997322050384441 -0.006182427400217074 -0.022301247152053654 20.7009585097683
-0.02654217018172116 0.04811617488552565 -0.9984890068641061 -21.424685564514743 0.0044414247759052335 0.9988367461841265 0.048014877648098205 -0.9613566134721206 0.9996378528735719 -0.003160290131068578 -0.02672499764779353 20.654121642712028
-0.029657482582475598 0.057375630324100924 -0.9979120304791869 -22.378259858579792 0.0026729482340214165 0.9983521925071113 0.05732150929502586 -0.9079480618388339 0.9995565711927266 -0.0009673512256954548 -0.029761973218566974 20.611497762744282
-0.031226803665424123 0.06721752862723598 -0.997249537594275 -23.444189906817765 0.0030411613847153036 0.9977379049272027 0.06715523009690878 -0.841409176508738 0.9995077228361529 -0.000935749300280906 -0.031360583377436656 20.567459744385904
-0.03243564805330795 0.07208252321624041 -0.9968710990663953 -24.421499626304776 0.0049208492172795396 0.9973953561449002 0.07196033215614701 -0.7813972338585274 0.9994617370974491 -0.0025713678299109045 -0.03270587032150099 20.53604934968823
-0.03424283379016509 0.07081861545757273 -0.9969012496941699 -25.493507273427095 0.004845459990717168 0.9974862985049312 0.07069375084921087 -0.7173048424761338 0.9994018209867298 -0.002409686249981964 -0.0344999046486748 20.495025779186737
-0.03618036677075324 0.06772380113045046 -0.9970478511527028 -26.464667407411152 0.004044757828071158 0.9977028461882523 0.06762152895426674 -0.6605176841876698 0.9993371157561838 -0.0015862409852268823 -0.036371179635451494 20.448683112734475
-0.039705688043651946 0.06273210716045854 -0.9972402372731544 -27.441495706402602 0.0043322806781536 0.9980287153370346 0.06260922585919973 -0.6105872702965166 0.9992020514429703 -0.0018343777811129988 -0.039899188288019735 20.401538625130204
-0.04500004793610183 0.05791610219895703 -0.9973067084216893 -28.524510090223398 0.004393724078632772 0.9983198629771082 0.05777669735839831 -0.5601187982185084 0.9989773474846515 -0.0017819319065466503 -0.045178907430217186 20.344915695740017
-0.05096075470444858 0.05412115522713034 -0.9972330981257264 -29.515700465004993 0.003942585432251648 0.998533678238201 0.05399027478939744 -0.5192615751630304 0.9986928994402303 -0.0011802871712323143 -0.051099405491956136 20.28782436555642
-0.0578101009305289 0.054529890990354254 -0.9968372150052945 -30.622315066501297 0.0037857505696461055 0.9985119401885535 0.05440196435262924 -0.47190204040024236 0.9983204446410997 -0.0006287897134289031 -0.057930510982226326 20.220467209384285
-0.06408477703984627 0.05809043937311798 -0.9962522733727737 -31.63878512139345 0.003351956328912265 0.9983112528483825 0.05799488946150127 -0.42519845427331143 0.9979388536258611 0.0003771995974638635 -0.06417126904272537 20.155772723849115
-0.07011746987418821 0.062122276037363144 -0.9956024875515269 -32.659794145130164 0.0012346023902365093 0.9980636333847266 0.06218890494495831 -0.3728469622211846 0.9975380022701757 0.0031313592158062897 -0.07005839142778333 20.078145698015508
-0.0759829871230737 0.0646606652054975 -0.9950103185551674 -33.779949283010254 -0.0014052357858823413 0.9978872087802356 0.06495494068514666 -0.3104742935802403 0.9971081489675714 0.006333697831009945 -0.07573158582654256 19.980219048941425
-0.07967120509069496 0.06659275775288614 -0.9945943161320938 -34.7970499687618 -0.004834897394627539 0.9977284900420127 0.0671899129322634 -0.24886696222898858 0.9968094966315619 0.010161865557130218 -0.0791682603784954 19.878730008358847
-0.08204754427166232 0.06816543890175908 -0.9942945355378595 -35.91581692086248 -0.009386009539146763 0.9975611539546871 0.06916391716600806 -0.17769703138344545 0.9965842428082743 0.015007189614301144 -0.081207639861032 19.757843582715513
-0.08365158400104523 0.06865944881929065 -0.9941268744834679 -36.93718508022566 -0.011900257845485759 0.9974835349394535 0.06989264544661694 -0.11455153158588967 0.9964240292451741 0.017676998321253926 -0.08262401094854763 19.65384439259029
-0.0851121201912591 0.0681444690269786 -0.9940383334404543 -37.96468620913201 -0.012744118940315569 0.9975024164677854 0.06947313915633149 -0.05421776463988788 0.9962898996373518 0.018581150476923 -0.08403110272506285 19.55909438749484
-0.08642161486885158 0.06740780302992218 -0.9939755744541259 -39.09885623491388 -0.013591175890258041 0.9975357545448552 0.06883094377589302 0.011531787316201235 0.9961659671477551 0.01945777960771822 -0.08529249787361286 19.455341107439498
-0.0873805862448048 0.06678729119379517 -0.9939336199868133 -40.13267927209 -0.01521241702512937 0.9975442321105346 0.06836730081335671 0.07172324098070952 0.9960588663292905 0.021094108745322263 -0.08615000206750185 19.35536475809727
-0.08822652967540309 0.06551375486335465 -0.9939436490431214 -41.16896103868564 -0.017895848716819256 0.9975694928066142 0.06734126574453504 0.13183946478385694 0.99593969081306 0.023728752179314944 -0.08683966860470918 19.249166365810513
-0.08893313201042607 0.06168828436782359 -0.9941254466922913 -42.29848819226518 -0.023172392861334278 0.9976819881084885 0.06398196009538436 0.19494337593116823 0.9957680392179716 0.02872638161851477 -0.08729751719185516 19.120491682097967
-0.08872624446503796 0.058737804863810174 -0.9943226206948785 -43.33160061481556 -0.0267083682322607 0.9977604973844815 0.061324165710672424 0.2510293134448424 0.9956979292510253 0.031997797258530365 -0.0869587492926592 19.002257261997503
-0.08733880779462709 0.0601013410060634 -0.9943639734172246 -44.48195489204289 -0.028105457345996863 0.997632358827866 0.06276750982824247 0.3154995194237031 0.9957821376401084 0.03342909315553552 -0.08544284356679589 18.883137451379216
-0.0856212709566518 0.06452356305396395 -0.9942362183353943 -45.53670215183894 -0.029187999285371368 0.997310028467201 0.06723665888525512 0.37632525023700486 0.9959001498135309 0.034776653458274874 -0.0835076368650005 18.78123481703867
-0.08387079621168167 0.06545722167834143 -0.9943243895829974 -46.70478897584432 -0.027495238803858072 0.9973082276576224 0.06797287235265755 0.44200058787824487 0.9960972598749038 0.0330401249508614 -0.08184527157984946 18.68776587486875
-0.08191555204128546 0.0648798924285794 -0.9945252092985252 -47.769776286795235 -0.026432168920029895 0.9973863984508657 0.06724368446815193 0.5003098339101183 0.9962887295018553 0.03179576152472266 -0.07998653954974629 18.60852455589424
-0.07878346600302073 0.06495118521618173 -0.9947735717396763 -48.83146674419211 -0.028005726825018167 0.997337188311167 0.06733656179412012 0.5612447701809121 0.9964983163713101 0.0331643640939065 -0.0767546737181193 18.51830696259748
-0.07379160859496135 0.0656659965379964 -0.9951094037099261 -49.99111483337019 -0.03280640450548271 0.9971299434750464 0.06823207580086774 0.6327147765278419 0.9967339605762198 0.037680915068910095 -0.07142555566540842 18.404597765845214
-0.06843904422461954 0.06627357290570463 -0.9954515862952346 -51.046802930034005 -0.03707130010962886 0.9969331090217771 0.06892093590684525 0.6992578018512984 0.9969663313460888 0.04161956572385403 -0.06577230003274133 18.303891166195573
-0.06225599805015709 0.0655486101228252 -0.9959053771722147 -52.21005756795232 -0.03965505245943253 0.9968906182266012 0.06809238339015307 0.770867913672811 0.997272138124269 0.043731837199715004 -0.05946308522000201 18.20813061863075
-0.05669973052039697 0.06482975093228342 -0.9962841932844854 -53.27918828186142 -0.04022719017458025 0.9969308623412516 0.06716121976987534 0.8331091984523996 0.9975805550019855 0.043885734682852104 -0.053917790931660034 18.13895379260052
-0.05134344783132983 0.0645189559490652 -0.9965947543980471 -54.36093820166798 -0.03928753684647874 0.9970080017867692 0.06656977063168582 0.892206808517593 0.997908006689652 0.04257167277282696 -0.048655035875894724 18.08802643248359
-0.04555055544773349 0.06472684838495182 -0.9968628450113164 -55.56086428585985 -0.03810299104405586 0.9970599155196102 0.06648073003540765 0.9559082766811872 0.9982351220950058 0.04101168854592636 -0.042950344848086984 18.04501526005865
-0.0401150812553522 0.0658051249456155 -0.9970257847752311 -56.65875882393996 -0.03670699543966556 0.9970583911876266 0.06728418520627422 1.014703778994809 0.9985206190951926 0.03929693004176287 -0.037581568360273473 18.0113217723183
-0.03482921438311871 0.06703438545919227 -0.9971425508244193 -57.74993806751371 -0.03729906620629174 0.996965611536114 0.0683253220112308 1.0755423787140357 0.9986970288930062 0.03957220181278203 -0.03222320743712356 17.97709193923865
-0.028893751977472376 0.06776309048624651 -0.9972829409446452 -58.95359300091053 -0.0374135766549267 0.9969270961532644 0.0688228871835592 1.1437568529544127 0.9988820878484971 0.0393004717270437 -0.026269703076177837 17.944132859294516
-0.02385632293772737 0.06546689500017519 -0.9975695019244736 -60.0505084638839 -0.03710964481953547 0.9971078142787158 0.06632406413512552 1.2031836739684065 0.9990264261606266 0.03860169682551344 -0.0213578712024696 17.92261709180855
-0.018869389054189754 0.060289404849422974 -0.998002546860823 -61.260958690860505 -0.036710417198608805 0.9974654450862209 0.060951058699625596 1.2624685890656222 0.9991478076223241 0.037787197850294996 -0.016608312753472992 17.905517897982154
-0.01499817282371528 0.057170794456972894 -0.9982517241803117 -62.36824506003829 -0.03674802863524501 0.9976580431134717 0.05768892253379142 1.3135897785493151 0.999212033182 0.03754901015828157 -0.012862132167523773 17.89503462371889
-0.011408222837403025 0.058179213711739744 -0.9982409434980227 -63.48159429508691 -0.03666563600420568 0.9976102360964328 0.0585614921654896 1.364459849665666 0.9992624948629204 0.03726922044925406 -0.009247780413758438 17.889782694048368
-0.008417152702423441 0.05950161608434577 -0.9981926962916267 -64.71352203508829 -0.03638018011751053 0.9975490096015763 0.0597700288247449 1.4209977890827252 0.999302598857407 0.03681752242120368 -0.006231841238203224 17.88882633452221
-0.006769607778485556 0.05876148181668713 -0.9982490723157089 -65.83376411600673 -0.03707038668305996 0.9975710377638928 0.05897297217955258 1.473010200427602 0.9992897522213567 0.03740470180122552 -0.004574852211958372 17.88716393698457
-0.005660264267268312 0.059372030066695836 -0.9982198521152965 -67.06988779470012 -0.038602902349944686 0.9974788158688384 0.05954685756726614 1.5305935465813203 0.9992386238551448 0.0388712330066203 -0.0033540594290031164 17.885505772062807
-0.00466124314035867 0.05994466053698732 -0.9981907934749393 -68.19949037541264 -0.03939823689292883 0.9974156209830827 0.06008209705640138 1.5828633870445517 0.9992127410185311 0.03960701308298208 -0.002287481194518725 17.885752312212936
-0.00348512878162613 0.05877352610214568 -0.998265233399936 -69.32244476340375 -0.0401615717065073 0.9974576776858898 0.0588662026166058 1.6344530944251705 0.9991871456904482 0.040297055425804924 -0.0011158296894176098 17.884613391029923
-0.0023780415017167376 0.05705986920959111 -0.9983679011144085 -70.56694488774534 -0.039707957100173996 0.9975779692915897 0.057109313816176885 1.6895305480759664 0.9992085233492574 0.03977895655606004 -0.00010654938615996552 17.889192450746783
-0.001740213658341515 0.05636426983585031 -0.9984087291697556 -71.71311743941857 -0.03740479204156819 0.9977079030383704 0.056389911462430185 1.737136542257848 0.9992987057131162 0.03744340016564903 0.0003720704610356148 17.90418798968492
-0.001459848949769392 0.056385304022164864 -0.9984079907887176 -72.86503657450513 -0.03457854484549073 0.9978091664942753 0.056402055305111345 1.7835522691410013 0.9994009421174737 0.03460583315527003 0.000493072692304544 17.92331350579196
-0.001285338291811764 0.05797504514957653 -0.9983171799393006 -74.13075359236066 -0.032942818805497445 0.9977737245203335 0.05798590952652446 1.8368705139120607 0.9994564365744282 0.03296191290335093 0.0006273862287112552 17.939298140016696
-0.0010833603776581988 0.061309636301691735 -0.9981181816265297 -75.27259627819126 -0.03390056470440538 0.9975428316202568 0.06131110184274495 1.889161517668053 0.9994246485179689 0.033903191303649265 0.000997734511856987 17.945369605107807
-0.0006612401740254645 0.06343319905678597 -0.9979858424104079 -76.51836586188367 -0.036248667918096736 0.9973286891536641 0.06341545811989062 1.9500555458523623 0.9993426073553398 0.03621758918959174 0.0016398967694212154 17.944407744306524
-0.0002423589652418639 0.06237790176557629 -0.9980525478562805 -77.64561985005089 -0.03771659214817116 0.9973418934329605 0.062342655850115364 2.005817196018983 0.999288471859271 0.037658248938189955 0.002110968725756284 17.942711846840048
-9.09768654304904e-06 0.06025386437856265 -0.9981830600776728 -78.77638015302077 -0.03846720326933127 0.9974442717235351 0.060209629714366525 2.059092070003099 0.9992598882413362 0.038397857082753964 0.002308724805538996 17.94468337354059
0.00011494427202607453 0.05869556160174135 -0.9982758975054993 -80.02362152434895 -0.037410295220390175 0.9975773779485534 0.058650193662899974 2.1147124662506585 0.9993000083299365 0.03733905332856453 0.0023104856847617075 17.95442892174072
0.0002391003360844867 0.058977417556351934 -0.9982592632925935 -81.1644361311923 -0.035637539384016426 0.9976257058778116 0.05893146144953299 2.1645642456296708 0.9993647775720859 0.03556141232830163 0.0023403442763808803 17.96783515411324
0.00034973303781240264 0.06093125714503665 -0.9981418783220022 -82.30403181783838 -0.03476789090520942 0.9975392423171039 0.060882298021063874 2.2158301801910456 0.9993953779539922 0.0346819945559566 0.002467325327577216 17.97951827881787
0.0008732057050764929 0.06368396625611623 -0.9979697087490401 -83.55040017423224 -0.03455937807920441 0.9973758940793258 0.06361584511997548 2.2758105858771867 0.9994022898328856 0.03443366196346923 0.003071794188237563 17.987986909153854
0.00115620362528657 0.0651881786253691 -0.9978722935139904 -84.67532416993132 -0.035587367134243174 0.9972435829041372 0.06510588408638521 2.332141911732781 0.9993659252375732 0.035436371064018785 0.003472893891817947 17.992258875979765
0.001500915008806879 0.06423176652294443 -0.9979338540409073 -85.90865537806937 -0.03580542418255109 0.9972985575204093 0.0641370348423796 2.3934876979353934 0.999357678154729 0.03563517974470797 0.0037967076187847837 17.998417979622054
0.0017336338729312638 0.062416881315257765 -0.9980486346299123 -87.03104980034495 -0.03488208929885002 0.9974465531691916 0.062318647714126554 2.4478978808166367 0.9993899561160368 0.03470598304646067 0.003906439957150412 18.006613814759852
0.002029915750814235 0.06200258371308282 -0.9980738994219247 -88.15549035768396 -0.03347409573461688 0.9975208548380916 0.06190015749138789 2.5018594256682647 0.9994375490101811 0.0332839685257829 0.004100365317496002 18.01684862506483
0.002161681883278535 0.06420726034078966 -0.9979342185074986 -89.39511391601809 -0.0317290255993299 0.9974385229254742 0.06410664834721826 2.562498292171468 0.9994941951146672 0.03152490180591384 0.004193380195432051 18.030253994378747
0.0024533053624634714 0.06665134157491363 -0.9977732856393615 -90.52214487780003 -0.029752086322915587 0.9973394683448229 0.06654922023514143 2.6197992836935615 0.9995543230063093 0.029522571271168606 0.0044297963424285635 18.043105626625852
0.002775301167956732 0.06865877468630238 -0.9976363164519122 -91.63975150884025 -0.029298651798153965 0.9972174781148754 0.06854845621717612 2.678977999609838 0.9995668745467821 0.02903915641839125 0.004779189975203264 18.05256849258044
0.003104407554949131 0.07050795745523232 -0.9975063609310474 -92.8620911629561 -0.030680192106293355 0.997048326919255 0.07038011185168448 2.7476543499562034 0.999524456158711 0.03038519800697513 0.005258443649940108 18.057752651168563
0.003402387462124208 0.0711313022523608 -0.9974611326245292 -93.96697254100974 -0.03301791334449633 0.9969310565617832 0.07098088778157491 2.8103195533473952 0.9994489937795812 0.03269258020485624 0.0057405545108058734 18.0596663551269
0.003758513612096008 0.06902461054251795 -0.9976078519385312 -95.17777364384466 -0.03527187073835567 0.9970033029726554 0.06884990590479655 2.877569783094456 0.9993707113657561 0.03492872101985984 0.006181879231173566 18.061462124689008
0.004084566362366553 0.06634832041283151 -0.9977881369691091 -96.27712853811362 -0.036959524783293354 0.997124758968476 0.06615292203290618 2.9367786299788374 0.999308440815112 0.036607568265529855 0.006525026242365228 18.063175318123776
0.004305939123225145 0.06487037889299664 -0.9978843833005641 -97.37833441056932 -0.03803887323791122 0.9971820557624559 0.0646605929913967 2.9945612546299323 0.9992670078907044 0.037679971721710497 0.006761402943924448 18.067843159123647
0.004468960119917315 0.06380451751149807 -0.9979523844163797 -98.596045928982 -0.03696378114197876 0.9972908994495103 0.06359670770361074 3.0573452866816924 0.999306638283463 0.036603881268433607 0.0068153110762910205 18.07747937886024
0.0044450528473955015 0.06471221053023044 -0.9978940429326955 -99.70781105216241 -0.036474285820397315 0.9972503916606987 0.06450800949623943 3.116061191747156 0.9993247310125399 0.036110729990185476 0.006793163954988943 18.086629357956078
