1.0 0.0 -7.523163845262749e-37 0.0 -4.045688770159085e-53 1.0 0.0 2.3111159332646827e-33 -2.3321807920314184e-35 0.0 1.0 0.0
0.9999968757356157 -0.0022014117514847203 -0.001250440816023151 0.005558506196453689 0.002204706148005339 0.9999941414144365 0.002639183649684442 -0.029439185028979402 0.001244588495877419 -0.002641931494848727 0.9999958090682525 1.4764213252103862
0.9999914738840169 -0.002999461850154492 -0.002860720811519704 0.005626215419843761 0.0030095838106786637 0.9999891854663477 0.0035401736845132 -0.06082491005652303 0.0028501208850202483 -0.003548752961317693 0.9999896764628659 3.09120923625564
0.9999889554647008 -0.002148054900504244 -0.004190368159872658 0.0034187755331440963 0.0021612684034677293 0.9999927360256071 0.00315187032283083 -0.0881327445102475 0.004183633015780599 -0.003160889685878113 0.9999862565917785 4.550783136179046
0.9999825310113427 -0.0015400769732273351 -0.0057088600994798 -0.0071976133064843625 0.001558489254789339 0.9999935859699108 0.003222169571060583 -0.11173019458568924 0.005703914432956675 -0.003231008560845983 0.9999784985199938 6.157151865198159
0.999974725600846 -0.0016363584957907852 -0.006924768345245377 -0.018385079957707176 0.0016616884685485655 0.9999919540394617 0.00365369816058014 -0.13137709246016382 0.00691875319156492 -0.0036651107319829795 0.9999693358654785 7.615403213620902
0.9999626675112022 -0.0017050956286654671 -0.008477389984208487 -0.0314031424886371 0.0017378137864952465 0.9999910771584917 0.003853597608360752 -0.1524434558876826 0.008470801820790326 -0.0038681843240451824 0.9999566442926171 9.067985217231719
0.9999401100670698 -0.0035888625053918473 -0.010341852554750484 -0.045459221187060514 0.003620017682718242 0.9999889486607049 0.002995376049898045 -0.1749001043804881 0.01033104678983501 -0.003032631975618997 0.9999419723448352 10.660131419345074
0.9999210373169137 -0.0047240081232468156 -0.011647046200512247 -0.06201530872934915 0.0047624584033690714 0.9999833109957708 0.0032758103062422257 -0.18904701894919623 0.011631416359433183 -0.00333101896828657 0.9999268600258678 12.103869238168816
0.9999057361442869 -0.004779936455185806 -0.0128755557785948 -0.08109402745198192 0.0048240600588674055 0.9999826070950821 0.0033980534907045033 -0.20508074918637648 0.012859136718803557 -0.0034598434911530577 0.999911342934337 13.542424727253382
0.9998918559091319 -0.004198850313310155 -0.014095315227411033 -0.10861941635587047 0.004242074358293642 0.9999863754444339 0.003038044378157358 -0.2254735522336403 0.014082400934089332 -0.003097507031617321 0.9998960355621319 15.120984966937035
0.9998905959461645 -0.002649883026489994 -0.014556931294933871 -0.1380803764001932 0.002703289528967499 0.9999897185288136 0.003650354025582626 -0.2489456657561883 0.014547127039197081 -0.0036893042874142504 0.9998874109273052 16.5531493534234
0.9998872702849552 -0.001110670633840489 -0.01497929309076009 -0.171311698306304 0.0011757952547735118 0.99998991400277 0.004339534003580065 -0.2711540144757876 0.014974403299280448 -0.00435665468568735 0.9998783743682812 17.982196126224427
0.9998784838508289 -3.552701594729431e-05 -0.015586877460544822 -0.20650052702162947 0.00011651299824323902 0.9999865399493345 0.005195091751974988 -0.29596909139184846 0.015586526424081776 -0.005196274279239972 0.9998650286779123 19.54889174292965
0.9998719768512583 -4.413430225355848e-05 -0.016005450119935715 -0.23818386500190222 0.00013049783066026397 0.9999854173498852 0.005394686397054882 -0.3128520228652868 0.016005045387684064 -0.005396082111681164 0.9998573679786386 20.966937757616954
0.9998634552756858 0.00045830955022185815 -0.016517782584558237 -0.2692055146671427 -0.00036715085239400977 0.9999847255842564 0.005521656855765467 -0.32842104032861485 0.016520112182774747 -0.005514836508860954 0.9998483356062159 22.518557189360145
0.9998623822625987 0.0011131830564580169 -0.016553331306972906 -0.29806594704428746 -0.001012679933493918 0.9999810070902687 0.00607862014978122 -0.3413881928698505 0.016559800202217433 -0.0060610182943746805 0.999844518079207 23.92308255529942
0.9998614418269072 0.002028644117173052 -0.016524205072898698 -0.32787152165008465 -0.001909093739542005 0.9999718992597704 0.007247419398760119 -0.35598231782379475 0.016538483890525254 -0.007214865477864834 0.9998371768445151 25.322608529474735
0.9998617999293328 0.002378562393635082 -0.01645782112265944 -0.3594273677189734 -0.002274924518297956 0.9999775323444676 0.006313056449271972 -0.370583639205045 0.01647250673241066 -0.006274740840108293 0.9998446550357998 26.852387876198506
0.9998618664576595 0.0027687417879774245 -0.016391159412769467 -0.38812836108555027 -0.0027076962187765675 0.9999893557896286 0.003745360845250043 -0.390014726351099 0.01640138817128258 -0.0037004581866657026 0.9998586239389223 28.233191469471425
0.9998695785096038 0.001199580339509647 -0.016106546375497688 -0.4147222413561154 -0.0011423164791652147 0.9999930564444945 0.0035642143889601328 -0.411591250126377 0.01611075694827408 -0.0035453480202937574 0.9998639622167269 29.60928354510782
0.9998748777383151 0.0001674821705224521 -0.015823704188147446 -0.4434366712706012 -6.519860562939541e-05 0.9999791377106919 0.006464229940838358 -0.4351641050821719 0.01582450854218167 -0.006462387303153978 0.999853964644178 31.11609685101849
0.9998763743292006 -0.0014555925350260741 -0.015661408866710986 -0.4675793878051951 0.0015817769264071407 0.9999663839334959 0.008047608997097314 -0.4534503434512878 0.015649194332346787 -0.008071383941153719 0.9998449580537536 32.476533507109224
0.9998785528426278 -0.002454429501241421 -0.015392031899854445 -0.4951855793098271 0.002565163081306872 0.9999709064391366 0.0071784986089315755 -0.468255761153186 0.015374026748661488 -0.007217107584878934 0.9998557574033642 33.956426523785154
0.9998847877522793 -0.0023559017788627725 -0.014993043299779825 -0.5234556786132049 0.0024392478045354884 0.9999816626549377 0.00554324442228534 -0.4843500425768786 0.014979729091219593 -0.005579175259529141 0.9998722168402139 35.290180453583204
0.9998952874614786 -0.001587393182761263 -0.014386396739566007 -0.5543058770170189 0.001651100718176419 0.999988875320467 0.004417449408698728 -0.5018236216374274 0.014379231593736474 -0.004440739195718115 0.999886780868008 36.6108984942711
0.9999095453356759 -0.0008591118088065574 -0.01342288047849116 -0.5842865336311955 0.0009116279474398385 0.9999919363795259 0.003906799221458947 -0.5240509386359992 0.013419455907529233 -0.0039186809883526704 0.999902286331132 38.047583986011524
0.9999241987116652 -0.00032502702282063544 -0.012316630926172424 -0.6112249890829914 0.0003813228707482331 0.9999894960505892 0.004568449866260022 -0.5443269739530139 0.0123150256927881 -0.004572797876654356 0.9999137366907015 39.33806577828164
0.9999419233396456 0.0003450444095719858 -0.010773685621534756 -0.6346040961484809 -0.00027174157712722436 0.9999767969811114 0.006804451943322459 -0.5640130894714145 0.010775815636951592 -0.006801126894467317 0.9999188335875651 40.61276241292795
0.9999595030686083 -0.0002740542286563674 -0.00899933744267807 -0.6566003163237859 0.0003461904921871441 0.999967847804546 0.008015180964159702 -0.583779299445229 0.00899693266102115 -0.008017967705356956 0.9999274153461694 41.99428149100151
0.9999768826705883 5.7593024274720135e-05 -0.006809502075738764 -0.6732520237185358 2.5107932788253394e-07 0.9999639372562924 0.008494096592421875 -0.6005983117933033 0.006809829133310451 -0.008493898181518758 0.9999407554635387 43.23069449781949
0.9999949327230198 3.7568528442602136e-06 -0.003193670914010793 -0.6871204643173172 2.2622720965682914e-05 0.9999659079903567 0.00825975810857924 -0.6182242426971477 0.003193678436659354 -0.008259785048745185 0.9999608068007687 44.57016935387671
0.9999997065448176 -0.000798386851802578 0.00036382426804756847 -0.6938712609750158 0.000796121556681422 0.9999806003649673 0.0061849934683202434 -0.6348070134559991 -0.0003686589703356561 -0.006184698877646893 0.9999808403987189 45.76808671064104
0.9999893703684882 -0.0010398206307313546 0.004486090374441166 -0.6968876535757003 0.0010188726291242274 0.9999886083270474 0.004668738366695045 -0.6542062699969029 -0.004490863264681212 -0.004664115829938284 0.9999790263693628 47.1898090807988
0.9999674342275715 -0.000673457640388753 0.008043276163314255 -0.7003662198450105 0.0006319334519360472 0.9999864718917544 0.005163853379906856 -0.6645500507049001 -0.008046617715630453 -0.005158600275523837 0.9999543284194974 48.247999785195184
0.9999135736686455 -0.0002739730833907312 0.013147287039647185 -0.6977979789009131 0.00020554031513435068 0.9999864612925596 0.00520605896020653 -0.6776880678609801 -0.013148479440587862 -0.005202904691755795 0.9999000730085779 49.4138774572564
0.9998099216924469 0.0011180840549626946 0.019464047354707872 -0.691179179711597 -0.0011991692253566662 0.9999906442468088 0.004154638788739314 -0.6890587957426254 -0.019459176412247876 -0.004177187226618496 0.9998018941558965 50.56907662469886
0.9996215379760756 0.0027396841629940584 0.027373884896330376 -0.6755810574252509 -0.00284771133895385 0.9999883078382383 0.003908097789825092 -0.7017902978688834 -0.02736272802867357 -0.003984568089644915 0.999617605702775 51.82654819367488
0.9993645552400033 0.0036891715218092293 0.035455104684902344 -0.6481574577581677 -0.0038770771643858778 0.9999788238652431 0.005232567636480303 -0.7119495886977871 -0.035434971799286 -0.0053667020991793315 0.9993576515170215 52.96121274046495
0.9989051298856049 0.006050505868343058 0.04639008454862076 -0.6074791391998592 -0.006320456888573703 0.9999639662172832 0.0056746824993408156 -0.722819227082698 -0.04635404373244507 -0.005961673521491119 0.9989073006371901 54.19343630185287
0.99823185359314 0.008255626448611577 0.05886449442308549 -0.5597877966574238 -0.008611141247617495 0.9999461868515978 0.005788414154079883 -0.7292822149795353 -0.05881349240280938 -0.006285067985594738 0.9982492400856185 55.298430714202304
0.997277594665162 0.010233799524231747 0.07302632532370598 -0.4959307416429074 -0.010720113766975707 0.999922898676544 0.006270622002112066 -0.738314952224027 -0.07295647551648055 -0.0070363988278470055 0.9973103472593299 56.389544450594464
0.9958334756829543 0.012643735488355939 0.09030962067716718 -0.40787823193880485 -0.013369279863519616 0.9998830408111283 0.007433491742815329 -0.7465736462079113 -0.09020497860584185 -0.008609890076344 0.9958860302329451 57.57567678038004
0.9941477655967239 0.012869174917594471 0.10725984435842686 -0.30543728233922396 -0.013894928064309555 0.9998645522054799 0.008821367741980628 -0.7545489706354298 -0.10713165668690154 -0.01026010566930944 0.9941919196627106 58.64105442281644
0.9920108996374097 0.012575567664933797 0.12552423540325214 -0.18390964875310395 -0.013722702401168001 0.9998716073099257 0.008278215064629363 -0.7627792415033923 -0.12540388608254027 -0.00993460673817279 0.9920560386978057 59.692289463066246
0.9890821670132216 0.011624728184825057 0.14690604178660227 -0.02783832099236775 -0.012771861006663894 0.9998948674967416 0.006867740663764547 -0.770482743701959 -0.14681066283442437 -0.00866902030391336 0.9891266344044024 60.83214282901197
0.9859322984706882 0.009205540385787652 0.1668917136845853 0.13698295226382792 -0.01038058328698877 0.9999271160264839 0.006169764682018257 -0.7792483898748126 -0.16682270048083522 -0.007815401256389442 0.9859559851705642 61.85437546403942
0.9817950764704829 0.0035682865023152098 0.18990947695648147 0.35141462920941857 -0.005267160588091861 0.9999504853092378 0.008441704266061284 -0.7903751954383808 -0.18986985286067948 -0.009288304631367348 0.9817653065725209 62.961085350434104
0.9772920577588671 -0.001733976151899786 0.21188992421740538 0.5691799364596336 -0.0004528902780103902 0.999947179033933 0.010271796905645282 -0.798477068156925 -0.2118964442356929 -0.01013450630509796 0.9772396464208367 63.95083986748638
0.9720785793945863 -0.0066712408175373765 0.23456095547494918 0.8127482056235521 0.004470693646865936 0.9999408874006424 0.00991205983485095 -0.8016545998501924 -0.23461311889806574 -0.008586648439050507 0.9720508373788407 64.92172216945372
0.9652922268611005 -0.013421666189867901 0.26082715983635296 1.1057247631824214 0.011771717465826888 0.999899593242044 0.007887106020084017 -0.8049642377908038 -0.2609067703029215 -0.004542978736211141 0.9653533173726921 65.9667886884319
0.9581638507006484 -0.017264890563143044 0.28569925315235656 1.3966300934003497 0.015612231246392407 0.9998456445687468 0.008061449994390332 -0.8040449757194138 -0.28579425482957466 -0.003263787781696277 0.9582854753475595 66.90032237962164
0.9491247556667254 -0.020267149025975924 0.3142475748230077 1.7358349369683443 0.017785961821216546 0.9997838967269727 0.010761176776802366 -0.8094303394380463 -0.3143976271947846 -0.004624504292480839 0.9492801385054502 67.9093740333216
0.9398531807934827 -0.024358248006267316 0.3407092608764023 2.0744242013640575 0.020874827766781352 0.999685707822826 0.013886674147601573 -0.8109030364794219 -0.3409403117646534 -0.005939187675217403 0.9400662315691 68.80881926103854
0.9294867611783327 -0.028027083787329696 0.36778933830501476 2.4340365917118354 0.024702972078961948 0.9996003698613655 0.013743735635821694 -0.8123248760027771 -0.3680274355445475 -0.0036891307667308785 0.9298075945131942 69.68469738119471
0.9168053762661731 -0.027401100468942313 0.3983933562981526 2.849933622648379 0.025581648284817262 0.9996239423119355 0.009883205580611579 -0.8132613466546829 -0.39851420090489764 0.0011305807527640986 0.9171615410403466 70.62516696525843
0.9042105452184188 -0.02861465386363532 0.42612745830170606 3.251659157251788 0.029437322124776334 0.9995557747333826 0.0046568391252788995 -0.815815362301554 -0.42607131322241576 0.008333283913037075 0.9046511660122086 71.45695692937726
0.8906849022229277 -0.03062900776114911 0.4535882479975361 3.6776904016204455 0.033527922772774416 0.9994364327674342 0.001651120828249275 -0.8206426634770893 -0.4533830508074121 0.013737239948001512 0.8912098816635639 72.27209661221205
0.8742226330954467 -0.031990736009467814 0.4844704046802997 4.174156757104898 0.03379922659922849 0.9994161290098066 0.005003423203323814 -0.8258049469349606 -0.48434747638715664 0.012000614998289243 0.8747933924726152 73.15503443677827
0.8573376401259293 -0.03123842934729045 0.5138058501577777 4.645863135009447 0.02996993867559153 0.999492920982995 0.010759378894235606 -0.8316936236349391 -0.5138812406481658 0.006174306028007324 0.8578391075563508 73.9423271833178
0.8366915661544776 -0.031147180573741527 0.5467881180491807 5.193508489529944 0.027042252616791183 0.999513240710777 0.015556293758805862 -0.8368075963168188 -0.5470063045192655 0.001770559582552168 0.8371266103609265 74.78093118798084
0.8164017012911192 -0.02592573720217437 0.5769023334280132 5.709597740198126 0.02414998496618719 0.9996505877342264 0.01074807883769728 -0.8387769623680549 -0.5769793019186321 0.005157429205181306 0.8167424723793159 75.51238927165983
0.7953733908533185 -0.01926299915298231 0.6058136833529878 6.24736911021214 0.021459230544652364 0.9997632289807046 0.003615525988723162 -0.8393368994487836 -0.6057397324445597 0.010124598413455796 0.795598413272534 76.21817728498245
0.771618033839235 -0.016513849847354316 0.6358719501938822 6.869646498458584 0.020598983896108234 0.9997873683945233 0.0009684206896174309 -0.8430260634107632 -0.6357525757238205 0.012351059115457197 0.7717941138670412 76.96947280228473
0.7492559483502591 -0.019310306792677184 0.6619990772431967 7.46392311779996 0.02196828129829801 0.9997494447910218 0.004298498154605629 -0.849663124262981 -0.6619160476656749 0.011322300528801116 0.7494924376105014 77.62859198271995
0.7258117066903514 -0.01960239846070784 0.6876141770811778 8.073988096532753 0.021102544471353204 0.9997579301822276 0.006226135723801366 -0.8607989529636337 -0.6875696017842113 0.009991401282611648 0.7260496876536626 78.26210563972161
0.6989877255483673 -0.018230292028730492 0.7149014080177791 8.762893479745909 0.02270149259636266 0.9997368535306302 0.003297559880136204 -0.8693299695427197 -0.714773231293106 0.013924368059462233 0.699217653116569 78.92538923979727
0.6738412745556448 -0.015872197002577224 0.7387057958252281 9.407444621007851 0.022943825436475673 0.9997365762527125 0.0005516681803086661 -0.8751214980712282 -0.7385197852637558 0.01657699301875491 0.6740279884001261 79.50201318044277
0.6452729275996407 -0.013391993073586399 0.7638348625966751 10.13879571853257 0.020867390875773512 0.9997822447218868 -9.960753008646945e-05 -0.8839272172330598 -0.7636670853053454 0.016003508843453983 0.645411840685437 80.11401807175046
0.6184760059019359 -0.012375423523177831 0.7857063797202628 10.82691606453682 0.02119116266767675 0.9997749933337984 -0.0009336659087248397 -0.8953204254215245 -0.7855178768022443 0.017227474119650938 0.6185991032333019 80.64483164219438
0.5910038005192652 -0.006600231066764892 0.8066419316049827 11.53050609676562 0.020279577487349324 0.9997720801405919 -0.006677786338499024 -0.9086953421167965 -0.8064138177624454 0.02030494689199579 0.5910029313815722 81.1516159079587
0.5593170959361381 0.003082583288839962 0.82894817496724 12.32174195778703 0.018896843448026744 0.9996858355742567 -0.016467790033429987 -0.9441331677697762 -0.8287383318944449 0.024875214799971197 0.5590831128146864 81.70006052572535
0.5298029522232126 0.011226730704267739 0.8480465612351485 13.060627062679709 0.018365998726491767 0.9995260377636045 -0.024705927089843805 -0.9885949510157015 -0.8479218046990071 0.028664486610695677 0.5293456827141225 82.18246842175678
0.49934477871622307 0.01632516275846147 0.8662496578127392 13.821784844646475 0.01621050677726062 0.9994713988730894 -0.02818029958605767 -1.0412115381477325 -0.8662516243887081 0.02811402198832606 0.4988162060502928 82.64721209331945
0.4650571747201792 0.015787783017471968 0.8851399465658086 14.686202204434641 0.01372583443839283 0.9995921618882339 -0.025040839428122196 -1.0910588593094337 -0.885174210051295 0.02379469811693192 0.46465079089362876 83.11924053490213
0.43332919012360005 0.014156055686637272 0.9011246703550307 15.489978434363518 0.009448253498601735 0.999750305378014 -0.020248842005894142 -1.1400019404394925 -0.9011860982694777 0.017288462853266236 0.43308729739022056 83.52638139088911
0.39701160062818575 0.015195126551507739 0.9176879229038106 16.390791645937682 0.005062844764029661 0.9998114627077154 -0.018745230681580342 -1.183358370569534 -0.9177995985320918 0.012088181993175753 0.3968598203946379 83.93231434567075
0.3631767772176624 0.018026315687607836 0.9315459841268373 17.225130937899742 -0.0013742460856564136 0.9998221452039481 -0.0188117598602486 -1.2230549352194566 -0.9317192377854865 0.005551815199246033 0.3631369469456039 84.2766889357982
0.32866447946923627 0.02020498652788389 0.9442307660952461 18.07604176982783 -0.006677347280810383 0.9997958810395149 -0.019069766540677498 -1.2563809950228877 -0.9444231275079661 -3.740512517302029e-05 0.32873231977151235 84.58681483571678
0.2904638443373796 0.019324431116677775 0.9566909525991574 19.03211117547848 -0.009683053756617986 0.999804238694773 -0.017255391378422268 -1.2930277844716782 -0.9568368588544546 -0.004251621260481636 0.2905941654675965 84.89083691550059
0.2555509823419775 0.018978858706352433 0.9666093856310621 19.91644349388117 -0.010473729945167784 0.999802960287666 -0.016861573353209446 -1.3324576856919237 -0.9667387669075492 -0.005815016338161672 0.2556994788713747 85.12939855096431
0.2209934033273491 0.01819498487487973 0.9751056333987244 20.81468272016487 -0.009945898776517597 0.9998160461131261 -0.01640198453310107 -1.3859686454718139 -0.9752244821499364 -0.006073574540275017 0.2211337174310363 85.33762186047048
0.18354471121410867 0.017215721389420416 0.9828607243084392 21.816029781407487 -0.007791850179571396 0.9998406944237639 -0.01605805614667097 -1.4417647747818605 -0.9829803975697249 -0.004710934602821186 0.18364965336067465 85.52746582902692
0.15021488330870802 0.015423250099077027 0.9885331943699214 22.734754499489597 -0.0005252891431476717 0.9998794433690003 -0.015520462270666113 -1.485519476243243 -0.9886531684248994 0.0018121378457074569 0.15020491013725745 85.65919562557889
0.11461061556527938 0.018958741340177623 0.9932297122783061 23.748638006160412 0.003203270417092091 0.9998056643494561 -0.019453897756739832 -1.536856386637073 -0.9934053016997492 0.005411204158529872 0.1145276268756337 85.77110253022933
0.08315920388638191 0.024526681324277592 0.9962344789931181 24.673422062477798 0.0036614214740665557 0.999682790362718 -0.02491722139958713 -1.5782295011949148 -0.996529431316615 0.005719726112727904 0.08304307260402559 85.84720968314701
0.05476200461624488 0.028115828324451687 0.9981036124719548 25.601181347789222 0.010213391393006322 0.9995354776129679 -0.028716535093566115 -1.6348610832931845 -0.9984471323513581 0.01176659179240987 0.054449404427403786 85.89035442388685
0.02759673099635639 0.027532559829189 0.9992400306389921 26.633837081969524 0.013187641139327615 0.9995235666995077 -0.02790459886685812 -1.6876924366947161 -0.9995320435390955 0.013947689000077023 0.027220513584350403 85.91205413430251
0.005851701408924043 0.0237438312345171 0.999701031415135 27.57989343383678 0.014068031814806814 0.9996171733722669 -0.023824193296707666 -1.7389107080255186 -0.9998838364402829 0.014203234877165322 0.005515512429719817 85.91577171802255
-0.012712282611628826 0.020451352920586145 0.999710123500451 28.529653451218493 0.014292687671716476 0.9996923692616265 -0.02026925306920342 -1.7823417746102865 -0.99981697186654 0.014030869055329173 -0.013000631003674438 85.90023010504324
-0.03020549394094912 0.023609803248802075 0.9992649467117102 29.5699456639154 0.016362511043314768 0.9995986669734057 -0.023123098768348848 -1.8508783099381427 -0.9994096656768598 0.01565203180789172 -0.030579689454814908 85.86631905625109
-0.04446369478814574 0.02914844106670198 0.9985858008442663 30.516669451864622 0.018943158950792172 0.999419094417773 -0.02832929950392666 -1.9085368133218603 -0.9988313144547081 0.017656739509141987 -0.044989987317067326 85.8173887132621
-0.05609489592745612 0.03298004169744383 0.9978806927644064 31.467853737437434 0.02311369416398618 0.9992293160569296 -0.031725308693753215 -1.9647865206643127 -0.9981577756800399 0.021285078647493263 -0.05681389766013837 85.75639610829879
-0.06571026010794839 0.03706945617635706 0.9971500685046697 32.5171751094047 0.029427842642640048 0.9989470402665152 -0.03519703189306549 -2.0343306040866325 -0.9974046369282429 0.027031162776201663 -0.06673186989349042 85.67556564144155
-0.07128281501061212 0.04193820553029531 0.9965742226737957 33.47318732034161 0.032906965374128065 0.998670698260284 -0.03967268505908971 -2.094376695716523 -0.9969130670675345 0.02996624650551741 -0.0725680702341257 85.59606524787142
-0.0748518881736614 0.04719445738058258 0.9960773215903985 34.430851383962484 0.03473537219290279 0.9983966251066153 -0.04469411050996181 -2.1609366326779798 -0.9965894072803919 0.03125366971347556 -0.07637118192830755 85.51729172062696
-0.07775753603270807 0.05104729821922324 0.9956646979596988 35.489329274999804 0.0370952839993784 0.9981449062480868 -0.04827747491256083 -2.2300724775716323 -0.9962818774809272 0.0331805196160521 -0.07950680608867551 85.42555540060695
-0.08035896982712891 0.054492580900645245 0.9952754629487548 36.45387239556625 0.03752204395041956 0.9979621531192487 -0.051610145421432455 -2.2996848971514017 -0.9960594384960723 0.03319742069611709 -0.08223987101332204 85.34220915081922
-0.08284364171977061 0.057288388738743715 0.9949146431236313 37.51744598617818 0.03846850820062757 0.9977860477652659 -0.05425058989800664 -2.374102909871619 -0.9958196818070396 0.033778564282914966 -0.08486400003078588 85.24733288712264
-0.08467472778822223 0.06126136024467982 0.99452375016101 38.4851665474197 0.03950754817720737 0.9975297293767689 -0.05808282781367038 -2.4456856890758325 -0.9956251000875672 0.034373031424107144 -0.08688580336075152 85.15794424292223
-0.08662292119340254 0.06297001858749839 0.9942491921336258 39.459135017080904 0.04219983843857707 0.9973365808429816 -0.05948895449069944 -2.528045666747523 -0.9953469376796125 0.036804041173409484 -0.08904947603880457 85.05765928083609
-0.08877855746689603 0.06200682863814849 0.9941196199210258 40.536519014354184 0.04247166697608919 0.9973883419685224 -0.058417849818136754 -2.6216855459580946 -0.9951454432255931 0.037035651145573695 -0.09118017768247974 84.9477855014401
-0.09118345903780863 0.06076816000886798 0.9939784171560071 41.518368847813115 0.041352014719935166 0.9975065350902151 -0.05719040984573287 -2.7020420937397858 -0.9949751745954979 0.03588818294690962 -0.0934689255183781 84.84824330074623
-0.0930766310481444 0.06228078889699682 0.9937092975285061 42.50058303169205 0.04192573087780422 0.9974016270406121 -0.058585220889681405 -2.777828007256963 -0.9947757835919429 0.03620906233400865 -0.09544588303603536 84.74531955684327
-0.09570232940905495 0.06430097015788291 0.99333107706266 43.58434490139387 0.04064421168189729 0.9973316025766158 -0.06064408356499711 -2.863167605340662 -0.9945798436370448 0.03456936802702342 -0.09806040351837975 84.63170319160785
-0.09822532035391907 0.06674704270383908 0.9929233814236035 44.57640236619891 0.039345300157951686 0.9972285006576954 -0.06314421736688575 -2.944365773388194 -0.9943860717467644 0.0328645010757416 -0.10057928898191552 84.52208282111378
-0.10091807395458094 0.07036305236645521 0.99240355582614 45.671139020574664 0.036982430956485436 0.9970718699392233 -0.06693329283424188 -3.0366647501123776 -0.9942070827990487 0.02994670971853155 -0.10322471973644246 84.39853703989391
-0.1030550671154435 0.07455994256890847 0.9918773586010128 46.667700937721996 0.03379509611812166 0.9968733378531931 -0.07142422876273746 -3.121103834504586 -0.9941013503406595 0.02615995713951723 -0.10525255384623029 84.28684334395925
-0.1054826347459471 0.07717076498165289 0.9914223220026025 47.66995459390477 0.03162103584790959 0.9967404595152487 -0.07422041070816368 -3.2085388826963763 -0.9939181771562837 0.023520829563086543 -0.10757899883495946 84.17073656254857
-0.1083557843509583 0.07551463312966059 0.9912400710420283 48.77972410497195 0.029666963589043593 0.996912299713179 -0.07270377601765568 -3.3027186762997993 -0.9936693361602155 0.02152920419936361 -0.11026145071518217 84.04128159068074
-0.1113284097014542 0.07122387686525715 0.9912282130692204 49.794967210569325 0.026406184812730125 0.9972882659316004 -0.06869355813401137 -3.397772592492294 -0.9934327039093179 0.01852700538810918 -0.1129072715589705 83.91980832652203
-0.11383857290361643 0.06957291509193715 0.9910603213952335 50.8108464511738 0.02626747426168772 0.9974070090820322 -0.06700125159431186 -3.4863020250276135 -0.9931518483854622 0.018405325507323725 -0.11537077967008673 83.79319199853002
-0.11584901066245777 0.06990142279044852 0.9908042622034765 51.93022947444434 0.02599875736171584 0.9973922601622723 -0.06732633996105912 -3.58175734948518 -0.9929264608564464 0.017959983389639077 -0.11736420047232049 83.65062731430953
-0.11713550408251694 0.07258525448792046 0.9904599224739502 52.948478901222295 0.027354272642172665 0.9971829387396464 -0.0698429415862767 -3.665766315297937 -0.9927391251611191 0.018912216452824596 -0.11879102308821352 83.51832332605686
-0.11774562453340352 0.07535155652407553 0.9901810159961713 53.970378524921635 0.02793037258642804 0.9969738650515202 -0.07254720739452833 -3.752462412479499 -0.9926509181418144 0.019114002276507325 -0.1194938519114388 83.3844490657937
-0.11819706927218736 0.07656639761840386 0.990033927829672 55.10073434043297 0.027030868607073464 0.9969014220865589 -0.0738703995493012 -3.852774305701523 -0.9926221204132417 0.018030216698797126 -0.11990042091422527 83.2375043692085
-0.11806591310171767 0.07482569901110514 0.9901826978927339 56.1344991272288 0.02382430688841903 0.9970833306433922 -0.07250646136438636 -3.942917562963421 -0.9927197599382982 0.015029870835937926 -0.11950418667212752 83.10789375257932
-0.11830923894749093 0.07452241672659783 0.9901765309953923 57.273618922521266 0.01985416487139154 0.9971579943820993 -0.0726756438525089 -4.045159033112868 -0.9927782365827785 0.011060928181149463 -0.11945252692649166 82.96642673537218
-0.11840844247442052 0.07535370406240877 0.9901017596233176 58.31194448096017 0.01627904957332868 0.9971297257784459 -0.07394175302228385 -4.135918776083518 -0.9928314569109155 0.0073625910130214476 -0.1192952067633128 82.83965876778757
-0.1187683724740064 0.07572808138931593 0.9900300526776932 59.35579797902914 0.012366426626175361 0.9971228573025308 -0.07478710450552238 -4.23054100609549 -0.9928448858643434 0.0033607914624663214 -0.11936307826709375 82.71078671170527
-0.11928657595925535 0.07467846042921134 0.9900475428983092 60.51159321449894 0.008632329193386547 0.9972075817880328 -0.0741784890225914 -4.333677278262852 -0.9928222660242397 -0.00030208493898661745 -0.11959810011491973 82.5686286187631
-0.11966675791710175 0.06997481693709615 0.9903452442739562 61.57679599120607 0.008507927504051301 0.9975487534331983 -0.06945577619258046 -4.425184264396591 -0.9927776208725841 0.00011424134877881421 -0.11996869661689398 82.42948889747674
-0.11996856341283299 0.06176417659037562 0.9908546373919158 62.64108266011525 0.011331777622258307 0.9980830313990896 -0.060842767972206536 -4.502738919617846 -0.9927129186771007 0.003928923089476698 -0.12043849190699076 82.29100635180421
-0.11997265527920423 0.05485405710317045 0.99126076242907 63.8165804767424 0.016355171477036887 0.9984460996420339 -0.053272218601967916 -4.574352879700411 -0.9926423951134495 0.00982102869595843 -0.12068331101586971 82.13230135539403
-0.11920886634806835 0.05740326536958815 0.9912085498205008 64.8800458115321 0.024887695647281452 0.9981863873229033 -0.05481423879114437 -4.634423839604152 -0.9925570874891138 0.018134549852158996 -0.12042123833223083 81.98264215795155
-0.11790670748245112 0.0637097550794154 0.9909789406027423 66.05152864673265 0.031297861476214814 0.9976824201750275 -0.06041691497102704 -4.700074607350928 -0.9925312798411737 0.02389195041170001 -0.11962741531100164 81.82036756552309
-0.11706355597516824 0.06916874820803204 0.9907129266157624 67.12014788229168 0.034543269285903046 0.9972516293089119 -0.06554362025793559 -4.768468703043488 -0.9925234260721856 0.026549698064462623 -0.11913103733281658 81.67848216190048
-0.11633877869467012 0.0729712822308706 0.9905254980803266 68.193935727366 0.035718081317004186 0.9969597105865667 -0.06925016632023266 -4.844072240283962 -0.9925670470892994 0.027323184961281104 -0.1185913854217777 81.5394438662312
-0.11635818814385315 0.07182555181991873 0.9906069362763557 69.38635925865042 0.03277955266811089 0.9971160816314978 -0.06844718789136775 -4.928711461638907 -0.9926661740366768 0.024507256001030722 -0.11837701437462557 81.3920609046542
-0.11613005710910149 0.06692213556665255 0.9909770713390919 70.47779620254677 0.030715944398830106 0.9974923076945554 -0.0637626110435381 -5.008874780670194 -0.9927589076016022 0.023034036603756268 -0.11789439061662338 81.25742786729548
-0.11594689061933564 0.06389474531869443 0.9911982437235829 71.57269519430015 0.029203424095686666 0.9977166583155493 -0.060898846563054575 -5.08206908572264 -0.9928258790406516 0.021885344153078273 -0.11754805664442697 81.12398939841704
-0.11581821687439185 0.06483844103560606 0.9911520186372739 72.77553423795348 0.027794836346077136 0.9976879434108782 -0.06201814368120874 -5.162807491799048 -0.9928813708038561 0.02036607177161096 -0.11735258197262793 80.97772813550412
-0.11563003497453483 0.06914243960987076 0.9908830957723329 73.87054297889365 0.028020206643478117 0.9974043736016324 -0.06632771598429665 -5.238012092062909 -0.9928970492219477 0.02009527100496079 -0.11726719916069317 80.8415770196414
-0.11491014704079475 0.07309113585226482 0.9906833899239749 75.0786215648167 0.02836406297148918 0.9971242594115108 -0.07027638150192775 -5.325907801919707 -0.9929707618863923 0.020024328507503967 -0.11665282242915177 80.69117910426122
-0.1145502170616132 0.07207340211254647 0.9907996241617613 76.18735226335451 0.028428102625698663 0.9971941019482391 -0.06925188481794402 -5.408061639218736 -0.9930105350703824 0.020233734213165575 -0.11627765579239467 80.554213956561
-0.11402114752358682 0.0641281403579039 0.9914066425035449 77.30659225801233 0.029564802925434047 0.9976915805614327 -0.06113445838715629 -5.489605389136369 -0.9930382403363723 0.022340115665569617 -0.11565378539095612 80.41478194865506
-0.1142153053702203 0.06335097060176964 0.99143424457945 78.53489842091234 0.029289363209468428 0.9977456889990443 -0.060380077176503594 -5.5762217447331635 -0.9930240849767429 0.02214214636829973 -0.11581326330155398 80.26405093535884
-0.1141119494711835 0.06636290878822884 0.9912490189863808 79.65133999247324 0.027198539082496493 0.9976011307743113 -0.06365711662177026 -5.651369547255027 -0.9930954705086383 0.019696485272570112 -0.11564312904494799 80.13063021588472
-0.11386438754709492 0.06957428859557908 0.9910572303983195 80.77228675085824 0.026708800520589132 0.9973987259566748 -0.06695086219440764 -5.728394364425782 -0.9931371694657155 0.018846629103124773 -0.11542640206653201 79.99491829000883
-0.11375763485413233 0.06897555786121054 0.9911113879154491 82.01568879930598 0.02579769180450975 0.997455800287825 -0.0664561044849522 -5.820430551745129 -0.9931734720120077 0.018008499915526145 -0.11524756446935548 79.8455258402989
-0.1133324021763521 0.0657906563462033 0.9913765678545896 83.13593745503377 0.0250002474680678 0.9976780914998177 -0.06335088348313743 -5.904094893866035 -0.993242459520352 0.017604945143191796 -0.11471405735005293 79.71133483167279
-0.11239380230069514 0.06447855894631335 0.9915696678009945 84.25563420856491 0.025789213239126266 0.9977455840371486 -0.06195698148074635 -5.985954331034767 -0.9933290151575603 0.018608219186764603 -0.1138032336397241 79.57527069436573
-0.11084789679438839 0.06472256759542218 0.9917278129124654 85.49716812971141 0.027355668423863198 0.997697836142825 -0.06205459360094567 -6.072571256309584 -0.9934607725142994 0.020250755087432164 -0.11236316780648417 79.42461777815498
-0.10970287086468089 0.06518634540209793 0.991824709275323 86.63105529360251 0.030060948907434895 0.9976082905514426 -0.062241538260347465 -6.139930291578939 -0.9935096745716941 0.022987107378106195 -0.11140006542306778 79.28505095933046
-0.1084584552494834 0.06476189466291146 0.9919893670385521 87.88911696756423 0.0297956086908473 0.9976391807508693 -0.06187307457886859 -6.221076806604941 -0.993654312280981 0.022846261355410784 -0.11013195022671769 79.13547626131319
-0.10711623883647714 0.06552958969549975 0.992084776784462 89.03468652409711 0.03104037856335243 0.9975596324433952 -0.06253977503455882 -6.2911850336095885 -0.9937617711999415 0.024095655855600813 -0.10888887050320113 78.99924292441821
-0.1061110676917869 0.06304604445970288 0.9923536819722251 90.20043634598929 0.031305314295862426 0.9977049827511919 -0.06003860835726723 -6.370898110243418 -0.9938612724789371 0.02469517413192389 -0.1078411972118531 78.86243465256082
-0.10502708509195037 0.06241934859024997 0.9925085921233074 91.48644519092147 0.029965377480167133 0.9977736422099411 -0.059579555540768936 -6.459338026655084 -0.9940176946540135 0.023483422159026553 -0.10666361588594951 78.71619540065032
-0.10376413725857782 0.06199280169084591 0.9926681782338321 92.65882588698096 0.030981123318872247 0.9977727737413727 -0.05907312920578623 -6.539748575796244 -0.9941192788460156 0.024624298856338017 -0.10545354023251301 78.58219970097292
-0.10224020483568902 0.06242440727165782 0.9927992286991567 93.83363302419444 0.02938235424411198 0.9977831019923181 -0.05971195279065159 -6.622011269364164 -0.9943256110970227 0.023065806950581216 -0.10384769151857477 78.45175907772791
-0.10057961176598997 0.06551644819606807 0.9927696970866478 95.13019026939017 0.02974168632710181 0.9975816067653114 -0.06282082512738213 -6.712690510000521 -0.9944843639289302 0.023208140012252892 -0.10228489001328082 78.30838598957847
-0.09945611808551383 0.06534412292631493 0.9928941892982186 96.31481037509639 0.028072679851884184 0.9976284789131653 -0.06284373283451458 -6.7951732840141 -0.9946457898041375 0.02162300629814468 -0.10105457640275807 78.1817099357419
-0.09901990136762921 0.06267667618036092 0.9931097164763438 97.61982142670398 0.023766098412612763 0.9978786534479088 -0.06060802831026117 -6.883850741340191 -0.994801524513612 0.017600939847812948 -0.10029936961671361 78.06087212726669
-0.09886259859442795 0.06375226006025252 0.9930569235396418 98.80861397463413 0.021425077326185024 0.9978506865706133 -0.06192707599337232 -6.964788130182568 -0.9948703414212764 0.015154047785446836 -0.10001593397233559 77.94726876683683
-0.09911251498271459 0.06395501168385742 0.993018985872516 100.00364554328507 0.0189470376355151 0.9978728126457884 -0.06237655996618601 -7.04775073249174 -0.9948957410755702 0.012632466564800129 -0.10011337438911372 77.83367989996788
-0.1002620887336118 0.060757490291357255 0.9931043748854845 101.32512460694163 0.015926821555357733 0.9981038939499371 -0.059455427707544785 -7.139232726658605 -0.994833509473155 0.00985586650924229 -0.10103959165109203 77.70439180278849
-0.10149173451672738 0.059328525088914646 0.9930658210341036 102.52764953465736 0.013834571161939948 0.9982077871192261 -0.05822184194787577 -7.222171806888455 -0.9947401286494237 0.00782960001435467 -0.10213059062533154 77.5868093989885
-0.10275969141468334 0.05870822396451217 0.99297233649238 103.73053485476042 0.012159676812974274 0.9982563219808985 -0.057762282207918764 -7.302833518058697 -0.9946317939813616 0.006138586556664977 -0.10329435406852175 77.46422080437392
-0.1045887264376241 0.05857428618538244 0.9927892852195329 105.05492175769946 0.011848591367672414 0.9982666098733629 -0.05764922625277808 -7.394055316859557 -0.9944449164072698 0.005733694000146469 -0.10510139414615478 77.32523267612636
-0.10676344813929504 0.05736573781469923 0.9926283115516713 106.2593175860963 0.012203239234516123 0.9983346504999878 -0.05638299952734553 -7.474784722948626 -0.9942094947741325 0.0060936391386705955 -0.10728565566170714 77.19323310584575
-0.11004561244289515 0.05233088479276852 0.9925480220288827 107.58532134529108 0.008612477474312746 0.9986257166433006 -0.0516964514262143 -7.562654316715713 -0.9938891590702562 0.0028593311597213756 -0.1103450759248063 77.0494037953959
-0.11399755345620012 0.0519605774428743 0.9921214027980862 108.7813577082982 0.008213365852421474 0.998646530804339 -0.0513585984698097 -7.639750869114945 -0.9934470366260121 0.0022938955143650794 -0.11426998012667199 76.9116860603852
-0.11939320918794771 0.05658659136025893 0.9912333409898554 109.96821382828232 0.0024948320688386065 0.9983884656279225 -0.05669457174254799 -7.718630738288453 -0.9928438651828294 -0.0042959869708922155 -0.11934190999856757 76.77609438904015
-0.12698254483355187 0.06202145095390586 0.9899641398258698 111.26988688911517 0.003762647534149147 0.9980662305279259 -0.06204642828099826 -7.808243638060613 -0.9918978252765237 -0.004153925681640215 -0.12697031372589626 76.6117258245292
-0.13570329837270895 0.05925331964182137 0.9889761457343531 112.45549125620727 0.006017874458134443 0.9982408357745577 -0.058982676466278174 -7.894276220634756 -0.9907311766340968 -0.0020526105296863714 -0.1358211245146651 76.44606510813955
-0.14630657737695452 0.053754339295238075 0.9877778344523466 113.64094440088978 0.005168815591169341 0.9985504179088 -0.053575003479218626 -7.977758079127767 -0.9892257683813578 -0.0027327302454695727 -0.1463722247255499 76.26918301239729
-0.1597104620468752 0.055700682052964176 0.9855913433717745 114.93324498058675 0.007856675641852466 0.9984469562947716 -0.05515410262973599 -8.061168468756017 -0.9871325212714417 -0.0010652135057907638 -0.15989997665056785 76.0532398145379
