1.0 0.0 -1.324257651128851e-56 0.0 0.0 1.0 0.0 3.76158192263132e-37 -2.350988701644575e-38 0.0 1.0 0.0
1.0 0.0 -1.324257651128851e-56 0.0 0.0 1.0 0.0 3.76158192263132e-37 -2.350988701644575e-38 0.0 1.0 0.0
1.0 0.0 -1.324257651128851e-56 0.0 0.0 1.0 0.0 3.76158192263132e-37 -2.350988701644575e-38 0.0 1.0 0.0
1.0 0.0 -1.324257651128851e-56 0.0 0.0 1.0 0.0 3.76158192263132e-37 -2.350988701644575e-38 0.0 1.0 0.0
1.0 0.0 -1.324257651128851e-56 0.0 0.0 1.0 0.0 3.76158192263132e-37 -2.350988701644575e-38 0.0 1.0 0.0
1.0 0.0 -1.324257651128851e-56 0.0 0.0 1.0 0.0 3.76158192263132e-37 -2.350988701644575e-38 0.0 1.0 0.0
1.0 0.0 -1.324257651128851e-56 0.0 0.0 1.0 0.0 3.76158192263132e-37 -2.350988701644575e-38 0.0 1.0 0.0
1.0 0.0 -1.324257651128851e-56 0.0 0.0 1.0 0.0 3.76158192263132e-37 -2.350988701644575e-38 0.0 1.0 0.0
1.0 0.0 -1.324257651128851e-56 0.0 0.0 1.0 0.0 3.76158192263132e-37 -2.350988701644575e-38 0.0 1.0 0.0
1.0 0.0 -1.324257651128851e-56 0.0 0.0 1.0 0.0 3.76158192263132e-37 -2.350988701644575e-38 0.0 1.0 0.0
1.0 0.0 -1.324257651128851e-56 0.0 0.0 1.0 0.0 3.76158192263132e-37 -2.350988701644575e-38 0.0 1.0 0.0
1.0 0.0 -1.324257651128851e-56 0.0 0.0 1.0 0.0 3.76158192263132e-37 -2.350988701644575e-38 0.0 1.0 0.0
1.0 0.0 -1.324257651128851e-56 0.0 0.0 1.0 0.0 3.76158192263132e-37 -2.350988701644575e-38 0.0 1.0 0.0
0.9999984871126403 0.0015571025294196991 -0.0008211709411591587 -0.003953124198598787 -0.0015573411384502995 0.9999987228629807 -0.00028624182840775625 -0.02366089381669948 0.0008207182643918461 0.0002875189151078869 0.9999996556663137 1.0333862882480247
0.9999984316244832 0.0013070995080218196 -0.0012483092489900902 -0.0070224838941726556 -0.0013074154784315582 0.9999990883973643 -0.000246387612715442 -0.047969517834248326 0.0012479881696639702 0.0002480194773392668 0.9999991771971054 2.18202469032817
0.9999979925667213 0.0007053495850833664 -0.0018767358077526083 -0.010213607632958793 -0.0007051704535126535 0.9999996830139525 9.833697925623695e-05 -0.0742977832835622 0.0018767971409436866 -9.701463871945046e-05 0.9999982438108562 3.446216940056768
0.9999972220727193 0.00036557321737088134 -0.0023437979437895143 -0.013816251696739097 -0.0003643820329954294 0.9999997621123904 0.0005107349644394266 -0.09744994337679586 0.0023439836484389553 -0.000509881303937155 0.9999971477036377 4.595674587767199
0.9999950914415673 0.0006024545414798487 -0.0030635391805677527 -0.01926378197717959 -0.0006039090971233582 0.9999996599946142 -0.00047398378530431797 -0.12349302495504196 0.003063249604276702 0.00047583070349257106 0.9999951989453936 5.858946688070862
0.9999937140658492 0.00035496800207366 -0.0035291487720684974 -0.024788970810773307 -0.00036020690914678017 0.9999988057310433 -0.001483428241109514 -0.14699557182958345 0.0035286136178443958 0.0014846892973840312 0.9999926982173477 7.007249499661558
0.9999902546355525 0.0009491390850917682 -0.004319554757698594 -0.03199433334993733 -0.0009530036147722586 0.9999991196576232 -0.0008913613301437251 -0.17119215368126955 0.0043187012418967495 0.0008954687141253255 0.999990279555795 8.157636728955687
0.999986306700461 0.0011938235212919476 -0.005089247849251881 -0.04037651606743661 -0.0011977850881054696 0.9999989100392566 -0.0007749038998401093 -0.1989457911208355 0.005088317384617444 0.0007809869141791068 0.999986752678389 9.42265105483601
0.999981522190945 0.0011988779599540877 -0.005964038177612014 -0.048236427023750375 -0.0012080871839430173 0.9999980707069025 -0.001540332326963281 -0.22470272110336487 0.005962176542854814 0.0015475089067798872 0.9999810348790547 10.571796461847498
0.9999755187220134 0.0014283025956121512 -0.006840903923727216 -0.058925651541303706 -0.0014359762305468785 0.9999982899152077 -0.001116254461489889 -0.2500686700442427 0.006839297491703562 0.0011260495331710837 0.9999759825987263 11.8374962162674
0.9999713923012309 0.0005842216949738777 -0.007535033953382472 -0.06831280824299409 -0.0005769955197605047 0.9999993024690125 0.000961733657076262 -0.2733138975911652 0.007535588372266867 -0.0009573590499768943 0.999971096387918 12.990315294407303
0.9999648014961494 -3.842392966024234e-05 -0.008404001369562288 -0.07834913140917234 4.859352359045591e-05 0.999999335010748 0.0012101914914772814 -0.29426533200991467 0.008403950285241813 -0.0012105570467453909 0.9999640285593709 14.141583049834821
0.9999568861062083 -0.0006889433965188773 -0.009260370812321636 -0.09039861001835248 0.0006867146317410928 0.9999996887172604 -0.00024360839528878605 -0.3198559495989589 0.009260539313655378 0.0002372356481756563 0.9999571606474953 15.406293018389388
0.9999471794008192 -0.0011988984246221555 -0.010207304593220952 -0.10177911990357051 0.0011884339858785934 0.9999987273911914 -0.0010312630370879264 -0.3433512478709541 0.01020851716078881 0.0010190775713882418 0.9999473855334302 16.556186579997558
0.9999392855272178 -0.0007978516402769688 -0.010991870796810273 -0.11674859090658951 0.0007866770478027863 0.9999991105960089 -0.0010204294505535806 -0.369845697856513 0.010992672989982813 0.001011719537970733 0.9999390336305111 17.821910104406243
0.9999315206991164 -0.0012552806696142752 -0.011633082614844458 -0.1301849178953463 0.001249666480404322 0.9999990390857626 -0.0004892194093699697 -0.3949055346613097 0.011633683335070163 0.00047464932897491193 0.9999321628254464 18.97301278396603
0.9999237724635969 -0.0014769905379827353 -0.012262333858113008 -0.14455844560343678 0.0014741930653928996 0.9999988742287315 -0.00023672292723369778 -0.42059885273880976 0.012262673418891059 0.00021862664243060197 0.9999248229077847 20.124275805305324
0.999915704721711 -0.002256625032624431 -0.012786870800231552 -0.1604569574006483 0.002254717313934499 0.999997376350237 -0.0001632300698252351 -0.4470050526006154 0.012787210761413424 0.00013438311759072304 0.9999182813024633 21.39167863328632
0.9999083405449922 -0.00218158504571764 -0.01336386637750999 -0.17658646998843525 0.0021794290021222673 0.9999975794715585 -0.00017577429165254246 -0.4718213055945698 0.013364210178052756 0.0001466324843185582 0.9999106892234124 22.543565763473165
0.9999032537230492 -0.0030640472741858605 -0.0135675255138484 -0.19347403482535172 0.0030695062357958586 0.9999951456786572 0.00038175772838874573 -0.4992301987614974 0.0135662893519271 -0.00042336591271675546 0.9999078633467573 23.810813198176586
0.999904700680295 -0.0029421845747578295 -0.01348839121037229 -0.21037368978020415 0.0029632180172057933 0.9999944510364377 0.0015397294199188064 -0.5231977591552877 0.013483783245685568 -0.0015795509474765923 0.9999078712423427 24.963507317468046
0.9999077491024833 -0.0025066696695573254 -0.013348355649466475 -0.22726793764995762 0.0025401155261985412 0.9999936674432501 0.0024893879376164684 -0.5473052895975185 0.013342035324618563 -0.0025230645038730936 0.9999078177453226 26.115781032308973
0.9999103272497447 -0.0016630938413730533 -0.01328791562425724 -0.2466892543993285 0.001690589531177702 0.9999964442077016 0.00205854915374502 -0.5732461541009931 0.013284437374662741 -0.0020808272833234874 0.9999096089035073 27.381899945082104
0.9999126393023464 -0.0008864056977286069 -0.013190515396872401 -0.26485294341474647 0.0009122168814904436 0.9999977043255172 0.001950740833318928 -0.5951902999015724 0.013188747663913803 -0.0019626026051994625 0.9999110981420511 28.53346619879803
0.9999177370708239 0.002119488935228153 -0.012651226682041477 -0.28814568868294366 -0.0020738417977474617 0.9999912652940003 0.00362083895070805 -0.6173651547886623 0.012658782969263054 -0.0035943034018191605 0.9999133876046109 29.802360235982697
0.9999353080757873 0.0023624748625047046 -0.011126078895602213 -0.30521332690578895 -0.002288780985732154 0.9999753599488315 0.006632244679040783 -0.6348931636548153 0.011141476209281489 -0.0066063510115900274 0.9999161295584145 30.957796076760754
0.9999511611486487 0.0028914967037687125 -0.009453595225154253 -0.3204997218248461 -0.0028039540662691694 0.9999532331798213 0.009260472293869133 -0.6497557980732172 0.009479924995598268 -0.0092335083247663 0.9999124038436706 32.113488952210346
0.9999660646765408 0.00314489986934813 -0.0076130638494244915 -0.33377797339856674 -0.003047906910819987 0.9999144448656102 0.012718886012719805 -0.6623932450042669 0.007652415331309086 -0.01269524709815626 0.999890147339654 33.38645094073459
0.9999756470897119 0.002841901302045872 -0.006374880762219329 -0.34392185701536 -0.002747352288488354 0.9998868393068335 0.01479137864793698 -0.6730964661848023 0.006416187778542343 -0.01477350155741017 0.9998702720797177 34.54354330395551
0.9999872336486528 0.0011298786930223179 -0.004938178264636274 -0.3505847397735403 -0.001064786160445171 0.9999127795052816 0.013165142822742525 -0.6806662555581839 0.0049526191324250615 -0.013159715743548716 0.999901165597524 35.69793448573579
0.9999914269943516 0.001660010236402365 -0.0038005366968923353 -0.35932331811482965 -0.001619074310963273 0.9999408930361353 0.010750253991165614 -0.6908977949777119 0.0038181623099160975 -0.010744005476310324 0.9999349686978344 36.96818831718555
0.9999915345098904 0.002823554232487961 -0.0029934335846881948 -0.3682013661662187 -0.0027917145110692276 0.9999399904954966 0.010588417314803074 -0.701630426170117 0.00302315060025703 -0.010579969385605332 0.9999394790703087 38.125790343552296
0.9999939637951987 0.0018074311783392103 -0.0029711151926072286 -0.3744063379801202 -0.0017773809179133279 0.9999474876695799 0.010088321273950523 -0.7148921150283456 0.0029891953532500664 -0.010082979175046025 0.9999446736366321 39.40016145746577
0.9999925994374077 0.0011642011788971006 -0.003673147617662652 -0.3815257873918551 -0.0011296613844573792 0.9999552532335583 0.009391963514114053 -0.7278241176086636 0.0036839104967602903 -0.009387741898296918 0.9999491109554538 40.55924478410724
0.9999858282483133 0.00133244980394577 -0.005151162788411673 -0.3899791016459468 -0.0012846835417611327 0.9999562182224088 0.009266015197890892 -0.7406892038074655 0.005163283774880096 -0.009259265804903901 0.9999437888628595 41.71945924197142
0.9999761718085868 0.001345265915006319 -0.006771136918085005 -0.40189313687630457 -0.00127176255870182 0.9999403224834351 0.010848583378933454 -0.757318698671957 0.00678531751454843 -0.010839708610372426 0.9999181780814311 42.99778597105502
0.9999694416009705 0.0013191727293068414 -0.00770663075367712 -0.4142647794764568 -0.0012326275751481234 0.9999362081038989 0.011224731495109478 -0.7700421087360766 0.0077209429685073955 -0.011214884093061825 0.999907278727083 44.15882031651445
0.9999604844993706 0.0023146402182861363 -0.008584042442707147 -0.4302566322732532 -0.00222056429784961 0.9999375567820654 0.010952887002090184 -0.7836799669564974 0.0086088471545303 -0.010933390289790481 0.9999031904540502 45.43424106701576
0.999953413044267 0.0026950264874560123 -0.009269792698534656 -0.44488674755062274 -0.0025945510616889747 0.99993791942858 0.010834490618449072 -0.7967515909727819 0.009298410554822157 -0.0108099351692291 0.9998983440845582 46.59332362312466
0.9999533202815597 0.0021045589278429174 -0.009431403462018286 -0.4587210312267474 -0.0020072304340321874 0.9999447236008319 0.010317921083962756 -0.810165981672292 0.009452596260712619 -0.010298508377166242 0.9999022875440517 47.75100261763616
0.9999531338308526 0.0007619694986254575 -0.009656357116960949 -0.47215272198488273 -0.0006720397746218517 0.9999563986361469 0.009313765120249498 -0.8253622704360771 0.009663029836561218 -0.009306836779890264 0.9999099994380721 49.022865950112724
0.9999498854846811 0.00034201098493117006 -0.010003838591728792 -0.4861890412148822 -0.00024005570605511463 0.9999479734188758 0.010191668486431634 -0.8373661490857967 0.010006806612394337 -0.010188755926666999 0.9998979880040241 50.18003069149553
0.9999472722547215 0.00033683563541858153 -0.010266419690022085 -0.5017327967500615 -0.00020998223782106275 0.9999236697355367 0.012355095422413389 -0.8517413708063224 0.010269787862655326 -0.01235228534223526 0.9998709480771935 51.45167489558759
0.999944063316387 0.0007737268189440618 -0.010542514855327924 -0.5174289667848955 -0.0006581280467212647 0.9999396392594334 0.01096395374392706 -0.8635497660344357 0.010550357869016987 -0.010956399727435858 0.9998842760448143 52.60301807380082
0.9999413087743484 0.0022187320571015363 -0.010598393826892533 -0.5348801861398607 -0.0021204350269090995 0.9999547286418657 0.00927674807781164 -0.8741478967281564 0.010618496029371767 -0.009253727243087453 0.9999007649997156 53.75254154707264
0.9999329013314735 0.004498208778113491 -0.010678183679250835 -0.555224215323108 -0.0043973184571910505 0.9999456581150267 0.009453470894838133 -0.8887475276941117 0.010720128565571004 -0.009405880028852866 0.9998983216839827 55.01672970655062
0.9999241451687324 0.006239899947437769 -0.010618444635929725 -0.5729438830966641 -0.006136967472114738 0.9999340697394749 0.009699175314368862 -0.9018050473067585 0.010678263689929735 -0.009633273686361478 0.9998965522484636 56.163057955716994
0.9999148715043756 0.007929836164984107 -0.010362955943027214 -0.5918011176128074 -0.00782389198292623 0.9999171066862597 0.010224755090014647 -0.9156929545762899 0.010443177831433548 -0.010142806045098044 0.9998940289908208 57.42103335944644
0.9999209305287978 0.00832225274578741 -0.00942765593541591 -0.606610002373328 -0.008217266606543502 0.9999043821239403 0.011120837917969447 -0.9297141025147877 0.009519304257866942 -0.011042486983434963 0.999893730175019 58.56308115795082
0.9999222803731558 0.009996489894187246 -0.007459715841767727 -0.6206194636037993 -0.00990849794797794 0.9998819441727134 0.011741570449597137 -0.9430772988238479 0.007576198627810977 -0.011666742832043579 0.9999032668051602 59.70302566653449
0.9999458648692189 0.009301120627334113 -0.004665785237281795 -0.6283919613536402 -0.009250266198906246 0.9998987534995832 0.010806353168529063 -0.9609341266438329 0.004765823615412961 -0.010762609531566353 0.9999307347304633 60.95097801623855
0.9999795704804433 0.0059247743486552686 -0.0024239237472185454 -0.6283808825442918 -0.005911520298013448 0.9999677063930529 0.005442106550505529 -0.975830865087066 0.00245608020238702 -0.005427665178950772 0.9999822836444494 62.079407492136596
0.9999791049019546 0.006469426488297508 0.00019163708477861984 -0.6291494016007754 -0.006470129827406677 0.9999714867120727 0.0039014023360872297 -0.9946947776659978 -0.00016640477551553145 -0.0039025587305882297 0.9999923457183991 63.323047713693754
0.9999788640164232 0.0057780554477203355 0.002977853460898743 -0.6263409909265231 -0.005800644512470729 0.999954013072043 0.007633040845547526 -1.013771691063162 -0.002933609316744875 -0.007650153328998503 0.9999664837440401 64.45642500678134
0.9999642128204002 0.0058383163027548295 0.006133036025494326 -0.6197830850945687 -0.005897359251037069 0.999935990164432 0.00965252178136284 -1.0310015130000783 -0.0060762958200923905 -0.00968834504093415 0.9999346317929982 65.58468721272118
0.9999266404084195 0.006279901606371322 0.010358508221632864 -0.610637472804127 -0.00635569399576803 0.9999531383487803 0.007299850823362053 -1.0473772530078553 -0.010312189592934694 -0.007365148042125254 0.9999196551505811 66.81910518410635
0.9998913104095374 0.0054511788963708925 0.013695798326609351 -0.5949146013254313 -0.005518382028155217 0.9999728413350175 0.004873652371338444 -1.0648979293232306 -0.013668870138448334 -0.004948699478103459 0.9998942868106326 67.93747414933082
0.9998425981701065 0.004021782872723961 0.017281578923074477 -0.571961923182061 -0.00403836652251111 0.9999913796881714 0.000924553358565871 -1.088457706614417 -0.017277720275636264 -0.0009941974724236439 0.9998502307963476 69.16360613509292
0.9997857956355102 0.0032107221173960972 0.020446542415364 -0.5484928114363513 -0.0032096531718631537 0.9999948266119173 -8.517155598661047e-05 -1.110698975511983 -0.0204467093657014 1.9526002791768734e-05 0.9997909722633496 70.2781614648879
0.9997094811783607 0.0029633738226291185 0.0239202811543833 -0.5235376986154414 -0.0030074444298336146 0.9999938267040772 0.0018064526901537836 -1.132917509740511 -0.02391478388457018 -0.001877865390385373 0.9997122245978326 71.39312066030988
0.9996003722442983 0.004077316719529772 0.02797273751192538 -0.49199916263400534 -0.004154581868913991 0.999987704187411 0.0027044395401154835 -1.1566970681950524 -0.027961371952286648 -0.002819574056391782 0.9996050665890479 72.61540728420411
0.999496194727962 0.0037814461230195632 0.031514096691444775 -0.4577515483689172 -0.003799488515821684 0.9999926199739622 0.0005124930049415436 -1.179245570526356 -0.031511927724334365 -0.0006319736836564939 0.9995032274118967 73.72173116271614
0.9993813452714566 0.0034825942613291444 0.03499796547074096 -0.4151194756093351 -0.0034115871480983272 0.9999919582774248 -0.0020886165869469105 -1.203992399353751 -0.03500496278313185 0.0019679243866359496 0.9993852209768894 74.9367322841994
0.9992663675867662 0.0035631686073295255 0.038132952500738684 -0.37308388882182675 -0.003472646238315529 0.9999909989043463 -0.0024398983429814083 -1.2278807260602298 -0.03814130329011762 0.0023056835278113365 0.9992697775256492 76.0429519311891
0.9991611882551561 0.0022369079717619463 0.04088988947822983 -0.3266725962869022 -0.002188110715695671 0.9999967654452627 -0.0012383220893620187 -1.2520127133366057 -0.04089253534591966 0.0011478112474385144 0.9991628859083886 77.15167833695949
0.999037833993339 0.0014243030321192834 0.0438340549330732 -0.27143288967133533 -0.001434373392039025 0.9999989504736794 0.0001982007010645089 -1.2767536018547774 -0.043833733711112356 -0.00026088436105386114 0.9990388272142169 78.3727079809894
0.9989196023720553 0.0006250011403285087 0.04646883433105323 -0.2181457324101323 -0.0007195373852467773 0.9999977501097616 0.0020176321975239318 -1.2981662198011366 -0.0464674746068553 -0.0020488858516134784 0.99891768690162 79.4833123497236
0.9987966460548492 -0.0005861630422951924 0.04904057059371122 -0.15497130961828473 0.0004334173208248276 0.9999950134350479 0.003125140863633809 -1.3215440292531997 -0.04904216256675473 -0.00310012439010399 0.9987918967164972 80.70453360502924
0.9986847209998385 -0.0018157001500257617 0.05124060935151593 -0.09536964549752323 0.0017634456386672029 0.9999978867778391 0.0010649200181767665 -1.3428507602689084 -0.05124244426630247 -0.0009731579852020649 0.9986857941947834 81.81370261608191
0.9985690487394077 -0.00325464016421823 0.053379757478136156 -0.031786969035773174 0.003385147862580302 0.999991483307292 -0.00235477332922336 -1.3648282633002606 -0.05337164637500686 0.002532101359112972 0.9985715245523609 82.92505576261897
0.998450637532555 -0.002861998143621858 0.05557178824774161 0.038554266827408284 0.0031791978648387093 0.9999791620059953 -0.005620403378343969 -1.3910138074730165 -0.05555455109510248 0.005788368460657942 0.9984388832941978 84.1523683854186
0.99836175197382 -0.002712064474418686 0.05715377899163134 0.10478300396140255 0.003095352408714223 0.9999732886413935 -0.006618898266885362 -1.4172616859677196 -0.05713431266123674 0.006784965100106749 0.9983434283347147 85.27451969741448
0.9983288180190035 -0.002649389712475858 0.05772832032391582 0.17730337226320403 0.0029950735614671232 0.9999781241395239 -0.005902413590518035 -1.4472479898217858 -0.05771141855024628 0.0060654492162569955 0.9983149186679003 86.51529347420775
0.998371555766421 -0.0024800722147571984 0.05699253837966721 0.24252793921991636 0.002711226405623931 0.9999883969099883 -0.003978970746604607 -1.4742975600687431 -0.05698201579311648 0.004127010058518279 0.9983666764435313 87.64972545785467
0.9984431658971445 -0.0031823260231687266 0.05568804871626725 0.3078517523681422 0.0033203537052105456 0.999991579898311 -0.002386349335847268 -1.500893026331536 -0.05567999700574772 0.002567537164505947 0.9984453446940331 88.78846118930454
0.9985604764778009 -0.0028950926580183266 0.05355974108740874 0.37882789967221836 0.002991571097322451 0.9999939843354858 -0.0017213615538930473 -1.5297541661258722 -0.05355444133656757 0.0018791090192157053 0.9985631829905366 90.04719513758306
0.99868441579031 -0.002763929368320867 0.05120366507517917 0.43940157078877135 0.002826934224219955 0.9999952761380118 -0.0011581468700905026 -1.5545694924448876 -0.051200230235025436 0.0013013709142214627 0.9986875718768118 91.19796051637577
0.9988503220780673 -0.0022102811329984436 0.04788826925321101 0.5022257125855069 0.002270902929908926 0.9999966494870033 -0.0012116318507021933 -1.5823683620462856 -0.047885435282350196 0.0013189856822015866 0.9988519948142977 92.46816349767695
0.9990190211124864 -0.0008133288674350511 0.04427599492359316 0.5533346876563309 0.0008821735686344555 0.9999983926418502 -0.0015354983144902684 -1.6075579362359664 -0.044274676095786454 0.0015730500839614434 0.9990181763991526 93.62647960648356
0.9991786775456329 -0.0006947168675447651 0.040516055293621164 0.6020999304594399 0.0007517397642709772 0.9999987380662636 -0.0013922928613383624 -1.6329420960750158 -0.04051504287683415 0.0014216070162220678 0.9991779218258261 94.78807793971012
0.9993435550448677 -3.312447284156087e-05 0.03622815450315362 0.6509221733406181 4.200258703504393e-05 0.9999999524348367 -0.000244322712250803 -1.6620560235177186 -0.03622814930773507 0.00024568337745439696 0.9993435294922768 96.0703046500802
0.9994856092358883 0.0001402379063361192 0.032071457473323836 0.6902436928557828 -0.00015731869295136628 0.9999998922538562 0.0005300776153981841 -1.6875962315652153 -0.03207137924397369 -0.0005348495165806756 0.9994854540079806 97.23849697395354
0.9996260710144442 0.0003089466299227027 0.027341353886025203 0.7281947892877255 -0.00034403397006376813 0.9999991512851311 0.001278784649812609 -1.7145828964036738 -0.027340938857536152 -0.001287712588733821 0.9996253630905878 98.52627565528316
0.9997414114323525 0.0006800960743774887 0.022731175269746356 0.7562418105551599 -0.0007131892456727223 0.9999987420492026 0.00144764904038529 -1.7382468566450122 -0.022730166249618957 -0.0014634860281712602 0.9997406160631404 99.6988623960192
0.9998373071866413 0.001488557989003413 0.017977878709340093 0.7780942740794272 -0.00151492730197225 0.9999977929493512 0.0014529444676575239 -1.762800714584667 -0.017975683039239083 -0.0014799437249681884 0.9998373673579806 100.87326029093502
0.9999167326547304 0.0020470125564563805 0.012744557818002537 0.7967982141067447 -0.0020615848889591975 0.9999972615301257 0.001129861259942944 -1.7913784739435907 -0.012742214643269663 -0.0011560399262536116 0.9999181594611034 102.16698695486083
0.9999616552328974 0.002893700435504596 0.008266347863594887 0.8083018787365817 -0.002898366527348656 0.9999956044267357 0.0005518763039484011 -1.8189875966132445 -0.00826472043322694 -0.0005758138790998291 0.99996566814986 103.3450484067117
0.9999783799265183 0.004861990613933013 0.004439711033445103 0.8141183573684598 -0.00486316903175224 0.9999881383719784 0.0002536610362225565 -1.8490991740719893 -0.0044384271244298 -0.0002752474920562798 0.9999901362603626 104.64455684451164
0.9999719099061248 0.007103275295698296 0.0024120144488316508 0.8153593749035684 -0.007104368833935467 0.9999746634835135 0.00044234721698366763 -1.8762098419203546 -0.002408813753806568 -0.00045947155690187155 0.9999970322426716 105.82885196621326
0.9999669334406156 0.007992217523970564 0.001481740886579788 0.8160700529129266 -0.00799245712157785 0.9999679883772528 0.00015305013628084908 -1.9026327045558271 -0.00148047663326024 -0.0001648876144662696 0.9999988297739122 107.01458738804492
0.9999477784279289 0.010214903109065242 0.0003431199378986825 0.8129478816273737 -0.01021511824203252 0.9999476259922083 0.0006175846506834158 -1.9292904960147435 -0.0003367972364065632 -0.0006210575079947111 0.9999998007781842 108.32259160685255
0.99993273058935 0.011578920610985973 -0.0006223566491253857 0.8096783738669449 -0.011577812454541559 0.9999314255243047 0.001759712932079832 -1.9532753670871124 0.0006426973845885452 -0.0017523882341342052 0.9999982781330332 109.51503757760898
0.9999297176541595 0.011768720209497199 -0.0014256438504034088 0.8062597872274037 -0.011766139696480724 0.9999291169795738 0.001809192467327123 -1.9800385522830057 0.0014468398885265294 -0.001792293013595893 0.9999974003148213 110.82796841689834
0.9998866408879781 0.014893027531560035 -0.0022446020432730315 0.7973318772726564 -0.014885218120258751 0.9998831668595148 0.003460267029366663 -2.0000612181037627 0.002295865717772637 -0.0034264646560154327 0.9999915056427756 112.02664939376464
0.999859609079803 0.01652025229185812 -0.00281475740536212 0.7888694761017057 -0.016502108862386723 0.9998435885346444 0.006354377023586509 -2.019215170336441 0.0029192871334738696 -0.006307036673049967 0.9999758799911633 113.22892737183584
0.9998739909969266 0.015453314024941834 -0.0036332041481494434 0.7818433365957397 -0.015428271559078405 0.9998576483827974 0.0068237744499183494 -2.0362285148904817 0.0037381328906896222 -0.006766859774401544 0.9999701092858628 114.55142402576159
0.9998758205200476 0.015208198484421925 -0.0041379868374185665 0.7753142551314839 -0.015187620038635179 0.9998723147597673 0.00496121002979804 -2.0505887662536764 0.004212906539987857 -0.0048977489174524685 0.9999791723637228 115.75424942036891
0.9999116527272701 0.012344197895850268 -0.004932195316497832 0.7716104375310164 -0.012315746781971983 0.9999075998994119 0.005758675275217284 -2.067654098137619 0.005002825948025689 -0.005697422395548596 0.9999712900122815 117.08249776480329
0.9999317558619913 0.010065988176516228 -0.0059257115105837066 0.769154706661264 -0.010020740168374526 0.9999207417427239 0.007617450893643231 -2.0837128597717265 0.006001911644904597 -0.007557550452223508 0.9999534152002717 118.29346045876662
0.9999535453593448 0.007348213821971777 -0.006237041857370845 0.7642035853642487 -0.007289416181657075 0.9999292463153772 0.0093986904137761 -2.09781408528716 0.0063056622383908575 -0.009352787419943803 0.9999364007716244 119.50626318050752
0.9999638337288822 0.005397885841647678 -0.006579364564041501 0.7579632656089861 -0.005323799181415327 0.9999228497953107 0.011227198230655067 -2.111392405426013 0.006639451187223576 -0.011191761933025915 0.9999153661021514 120.84262317601164
0.9999781069447811 0.0011835270579945876 -0.006507567747802866 0.7546990716131663 -0.0011228953110943246 0.9999559769303281 0.009313558867669318 -2.1228780155730154 0.006518301553517238 -0.009306047079498635 0.999935450014064 122.05700297970336
0.9999774242690924 -0.0015674200499590472 -0.006529484691340345 0.7519072815187618 0.0016169236218378153 0.9999699548561578 0.0075826609424550235 -2.1377260458610734 0.006517405362051347 -0.007593045259967291 0.999949919429687 123.39686670706716
0.9999750868204319 -0.0030810019838033854 -0.006357148360349041 0.7476541059200836 0.003128982829750905 0.9999666393568041 0.007551334363484612 -2.152464396670316 0.006333659827742913 -0.007571034714373281 0.9999512852286269 124.61857864467042
0.9999763908083311 -0.0031420854836452924 -0.006112052122253597 0.7399216653479521 0.0031904181674506015 0.9999636039062862 0.007914718251084748 -2.1680489785208725 0.006086956327843264 -0.007934032060076706 0.9999500144164392 125.84237772606085
0.9999818708438944 -0.002695513946211728 -0.005384633780631498 0.7309050593544937 0.002748184647871944 0.9999481455346653 0.009798996616261922 -2.1837770637420877 0.005357937586930837 -0.009813615573503905 0.9999374735225052 127.19102279600057
0.9999889582472697 -0.00016560274423987507 -0.004715925734558106 0.7202682744048836 0.00021988436378324772 0.9999336920618855 0.011513366968108112 -2.1973676803006406 0.004713701933795295 -0.011514276674169722 0.9999226563147086 128.4180495838133
0.9999914990035826 -0.00010439928488137351 -0.004149158662831512 0.712711759159768 0.00014932026075663405 0.9999413815817555 0.01082888549377617 -2.2103084802208386 0.004147774334962727 -0.010829409861332509 0.9999327899767328 129.6425637435077
0.999993147242185 0.00022758033541511063 -0.0036940646763689196 0.7049785437551859 -0.00019773930380332082 0.9999673657164655 0.008077774355722246 -2.2250603865305636 0.003695776714814077 -0.00807698623645288 0.9999604949538883 130.98738590117236
0.9999945823938547 0.0004248790105055028 -0.003271056357905834 0.6977536131348927 -0.0004047866193943146 0.9999810854315183 0.006140147799762989 -2.2418354853436737 0.0032735985572102545 -0.0061387894991665765 0.9999758062595192 132.2095190521661
0.9999952312098653 -0.000862248276463248 -0.002975610930014986 0.692771224627604 0.0008675965804719772 0.9999980172083243 0.0017985676748849694 -2.2652538622647533 0.002974046956461129 -0.0018011404024649387 0.9999939606927396 133.54944260557284
0.9999967206297145 -0.0007563872913430019 -0.0024639641434171028 0.6868602924742516 0.000752510342452002 0.9999984381677068 -0.0015715810536120495 -2.288075062225108 0.0024651441460475567 0.0015697193562334898 0.999995797548291 134.767128854545
0.9999968349940916 -0.000989209943753058 -0.002280268481694005 0.6816930296766528 0.0009830067164678601 0.9999957743160921 -0.0027198396972147212 -2.3154510206464924 0.002282950888807821 0.002717589580446677 0.9999936850139671 135.98554189827345
0.9999965007285921 -0.001162403519703167 -0.002378000609984968 0.6773033533799954 0.001156899857892442 0.9999966241019168 -0.0023123737736576062 -2.3490764280573426 0.002380676384492884 0.002309613868142312 0.9999945028499386 137.32545503494632
0.9999971546923648 -0.0005487427093415949 -0.0023405389487295707 0.670721714771483 0.0005440656077198829 0.9999978219009379 -0.0019979050969589234 -2.3769472148947597 0.002341632520467272 0.001996625598201042 0.9999952357258876 138.54229770257106
0.9999965743627076 0.00029216667046187667 -0.0026091840413234577 0.6637010767957731 -0.0002940774323235417 0.9999996585786537 -0.0007293664573575418 -2.4068205825009494 0.0026089674588689236 0.0007301316344142847 0.9999962950719986 139.88101424952188
0.9999956867056121 0.0007413731111028625 -0.0028549626367162287 0.6554295428949769 -0.00074189401412578 0.9999996259489072 -0.0001796073687385844 -2.431625011233025 0.00285482654915926 0.00018172385187396997 0.9999958978146511 141.0970089590408
0.9999939024324765 0.000999518848319285 -0.003369215437427261 0.6486843375792682 -0.0010010168692271735 0.9999993901346373 -0.00044153177362844993 -2.45601694098502 0.003368759892620996 0.00044490135480249613 0.9999942494669628 142.31191296133943
0.9999909151402108 0.0013224707739049892 -0.004048481270559519 0.6399702321961405 -0.0013234618417553741 0.9999990677255916 -0.00024099604012019432 -2.4824384166969566 0.004048154870797702 0.0002463517185393514 0.999991756446812 143.6480952091388
0.9999886345051753 0.0007486935905969605 -0.004714422041177379 0.6329974529344525 -0.0007447746088657906 0.9999993460704159 0.0008333100030500311 -2.5071548454557058 0.004715041340099348 -0.0008297901363551014 0.999988564181455 144.8636363602753
0.9999839692352653 0.0016467271957087517 -0.005414047449232121 0.6227186184154958 -0.0016407132450176173 0.9999979868115247 0.0011160810362309836 -2.5348045499123306 0.005415868353565412 -0.0011071793349856122 0.9999846833421578 146.19994900826308
0.9999801473093523 0.0019282598948651584 -0.005995763583278138 0.6133030169358343 -0.0019270126797071194 0.9999980412800461 0.00021398306986024763 -2.5598799359655287 0.005996168593971256 -0.00020242585157823892 0.9999819742249849 147.41334159101086
0.9999741960775402 0.0023494191999747227 -0.006786793102735794 0.6024344420650792 -0.0023554836011724545 0.99999680284329 -0.0008856323549004267 -2.584040055213451 0.006784688241399791 0.0009015959622752012 0.9999765380460891 148.62690074980446
0.9999672269578033 0.0032145291678972727 -0.007437392169361242 0.5885764833554189 -0.003221178661368699 0.9999943885092184 -0.0008815370501486647 -2.6126378835724813 0.00743451007561379 0.0009054653510703475 0.9999719232625237 149.96312136471644
0.9999632567946394 0.002902060029477091 -0.008064259703517764 0.5769992821924889 -0.002914489429513687 0.9999945357326867 -0.001529544529344306 -2.640307477156142 0.008059772021370913 0.0015529901162553024 0.9999663323997999 151.17712247933753
0.999955288702483 0.0031790082090407037 -0.008906153439496585 0.5629440157928866 -0.003203617168256084 0.9999910220363946 -0.0027494499906910263 -2.6705808339293067 0.008897327459797912 0.002777857430737486 0.9999565547730707 152.51237642580946
0.999949265232258 0.0033466848283101166 -0.009502139916729317 0.549821349372864 -0.003371502977823107 0.9999909507791966 -0.002596421351736515 -2.6980402483370396 0.009493362292193903 0.0026283259416278733 0.9999515057185449 153.7275795983302
0.9999411656615578 0.0036813998368836936 -0.010203596469513854 0.5352802417005781 -0.003693742313768783 0.9999924684495604 -0.0011904959904574823 -2.726341096926995 0.010199141533073964 0.0012281158598090606 0.9999472387452555 154.9443552430849
0.9999325828536796 0.00376120591275585 -0.010989664652286908 0.5185992668368353 -0.0037691327526838247 0.9999925925750943 -0.0007001073795055532 -2.756814101637907 0.01098694499126654 0.0007414813396820874 0.9999393394884806 156.28197904680226
0.9999242624630068 0.004106469640122469 -0.011605742803678067 0.5024931987696161 -0.004111518658852324 0.9999914490724161 -0.00041049137347328184 -2.7831566227233298 0.011603950240584226 0.00045817824427457415 0.9999325478550205 157.49809159125363
0.999913173531086 0.004558011209247487 -0.01236659927456445 0.4835637743137721 -0.004559291817622266 0.9999895674309064 -7.529152561882506e-05 -2.811549375593126 0.012366124258938932 0.00013166609691121723 0.9999235818054909 158.8362827805711
0.9999049163324726 0.004766499873257347 -0.012940945588601057 0.46566032604242297 -0.004777557888824961 0.9999882381019991 -0.0008234300555479261 -2.8381550922461574 0.01293686377115216 0.0008851788831097118 0.9999159072068512 160.05210947727565
0.9998939431588868 0.0057958496318535144 -0.01336334685743451 0.44746771303381927 -0.0058165195634648365 0.9999819267547008 -0.0015081171014287753 -2.8646326872520653 0.013354357327745293 0.0015856850261166127 0.9999095848978407 161.2677217032808
0.9998868679457886 0.005998856735861296 -0.013795328811995198 0.4284026280253923 -0.0060131740040437615 0.9999813684370281 -0.0009961537989917825 -2.895141504320735 0.013789093711182978 0.001078994106169655 0.9999043604917753 162.6062706106671
0.9998826124558814 0.00595156649316149 -0.014120178025226585 0.4108065481515765 -0.005978253093219169 0.9999803983738735 -0.0018481294750858413 -2.9237849355468692 0.014108900107268058 0.0019323258320661884 0.9998986190668809 163.82083491890685
0.9998890939130893 0.004506193949253992 -0.014198482286869589 0.3940506193960912 -0.004559947154052743 0.9999825571200036 -0.003755369529525885 -2.95561492896306 0.01418130832752909 0.0038196965392407896 0.9998921776329879 165.15484216971683
0.999893939569569 0.0016727351764753255 -0.014467226581405776 0.37944378466834855 -0.001722505574247732 0.9999926186436365 -0.003428183276363651 -2.9842713446127562 0.014461384828088151 0.003452738672261251 0.9998894878590243 166.36840442890767
0.999889551129944 0.0015968378147179245 -0.01478128304404534 0.36326887381007017 -0.0016024811091564178 0.9999986522860493 -0.0003694253277385332 -3.011637795440179 0.014780663542337449 0.00039306890384428685 0.9998907550900379 167.58389362914937
0.9998876516141746 0.0013338768741448113 -0.014929832288146915 0.34398021998540007 -0.0012603216612122636 0.9999870272807959 0.004935357332575276 -3.0386844946132796 0.014936214684932343 -0.004915986604897423 0.9998764056471933 168.9208365484217
0.9998843554301196 0.001642197913238934 -0.015119782896852176 0.3249152537847763 -0.0015783664672218427 0.9999898188823532 0.004232840484913565 -3.0604541014429607 0.01512657663460655 -0.004208486477611007 0.9998767862812636 170.12929700682918
0.9998840364807341 0.003361442579261561 -0.0148559335670178 0.30263943803894017 -0.003346736672467104 0.9999938586024077 0.0010152316900250257 -3.085255117482777 0.01485925347287103 -0.000965394750741287 0.9998891272144633 171.45193882672908
0.9998789369277405 0.0036501149180977804 -0.015127382121950486 0.2831561728873497 -0.0036672438953186635 0.999992650478787 -0.0011044119797556117 -3.110617375193405 0.015123241799181758 0.001159753776648935 0.9998849764965417 172.65294703841658
0.9998777590284257 0.003229222632350852 -0.015302226911139196 0.26572013312720844 -0.0032460507777375665 0.9999941254336753 -0.0010744227134289028 -3.1381121686215048 0.0152986640761818 0.001123962143874274 0.9998823468295842 173.85337235884305
0.9998786912655445 0.0032631559441031093 -0.015228746234473381 0.24580746283108487 -0.003253235814191049 0.9999944412841535 0.0006761140697991849 -3.1671118683981376 0.015230863766204791 -0.0006264889914255564 0.9998837935862898 175.17250322367062
0.9998804527531875 0.003353795445763788 -0.015094061832204724 0.228011426985145 -0.0033148023728506405 0.9999911441204076 0.0026077316749748575 -3.1934463771594506 0.015102668121477578 -0.002557384416473513 0.9998826835196476 176.36931989010012
0.9998922899541801 0.0027452043444466433 -0.014418808701410853 0.21059946401735644 -0.0026942569856494214 0.9999900966440711 0.00355204275172825 -3.2219727812633674 0.014428416773249596 -0.0035128107077278493 0.9998897553027702 177.68140167641678
0.9999099096333834 0.0027713235390444723 -0.013130638512950777 0.1962143022991697 -0.0027308778292434504 0.9999914670776462 0.003097410940458151 -3.248253615307721 0.013139109625909771 -0.0030612717769660514 0.9999089911523921 178.86889008729395
0.9999294971521859 0.0014079580811853464 -0.011793145324770373 0.18502634317391023 -0.0013908348851240178 0.9999979000976222 0.0014607637378744602 -3.273988089914257 0.011795176361961255 -0.0014442609123523117 0.9999294366852585 180.05179567702874
0.999944374830944 0.0013428588835371052 -0.01045753081301218 0.17387928514218254 -0.001343190277729042 0.9999990586536585 -2.479124514105993e-05 -3.3056465977562857 0.010457486749437708 3.88357651450687e-05 0.99994534121942 181.34871368494444
0.9999580499797521 0.00047323784544018487 -0.009146844315550363 0.16663174945966722 -0.0004807910636566181 0.9999994933322389 -0.0008234920718834012 -3.3354523797512754 0.009146438712338353 0.0008278554373864072 0.9999577878950077 182.52341808224216
0.9999691923455308 0.0005879182825459836 -0.007831016908903435 0.15864905567776363 -0.0005867192005867965 0.9999997652929645 0.00015578549306233106 -3.367748371339441 0.007831099236547585 -0.0001511865313613889 0.9999693284865211 183.81191143752207
0.9999787907685908 0.0002814025478486436 -0.00651029109819871 0.15313882348757002 -0.00026782057508886877 0.9999977808035841 0.0020877700835642706 -3.395650396426098 0.0065108598617423475 -0.002085980245389347 0.9999766091135749 184.97868252784363
0.9999850206385094 0.0009778563203121707 -0.005395034356409822 0.14766444378758833 -0.0009642962927423844 0.9999963686325773 0.002516746961773064 -3.423075145472265 0.005397481759801175 -0.0025115069267876225 0.9999823294389314 186.1389222256277
0.9999907526689019 0.0007741323790835483 -0.004247101506903759 0.1438483836111977 -0.0007642206977259588 0.999996990063472 0.0023361269777274754 -3.4515325891932034 0.004248891892545239 -0.00233285977204188 0.9999882628638143 187.40851206335287
0.999993916802647 0.0011427358539122473 -0.003294896132631215 0.1415206172126085 -0.001134066984989617 0.9999958984067697 0.002632551796421334 -3.476768148013801 0.003297891409126632 -0.0026287983369758265 0.9999911119491283 188.55768227242032
0.9999967805558482 0.0014020297178102407 -0.002128887988995695 0.1413177502564868 -0.001395535063095982 0.9999943983845673 0.0030503169322709475 -3.505958095360261 0.00213315031006339 -0.0030473360370232936 0.9999931129021445 189.81424699873554
0.9999980644084687 0.0013936435993033114 -0.001386834926422538 0.14145219295212824 -0.001389849739756314 0.9999953164529501 0.0027304772090751606 -3.5299996202905004 0.0013906249466675174 -0.002728542958444995 0.9999953001819134 190.948276099517
