1.0 0.0 0.0 0.0 0.0 1.0 0.0 0.0 0.0 0.0 1.0 0.0
0.9999810836221551 0.0004828823812108785 -0.006130540134196984 -0.004400184064564659 -0.0004809708099669796 0.9999998583890823 0.000313112417402829 -0.001919850589081459 0.006130695643718575 -0.00031015593260241283 0.9999811712854202 0.08811445982795035
0.9999072380985099 0.001065833892250852 -0.01357292417939229 -0.010185373187532478 -0.0010633818019272444 0.9999993902275274 0.0001879373326589051 -0.004418004069335158 0.013573141129425 -0.0001734863844165607 0.9999078544310565 0.1877945252039086
0.9997824695477868 0.001377643870756222 -0.020810390934525122 -0.017407224820096802 -0.0013863179512961033 0.9999989333511701 -0.00040229362242756724 -0.006835707919361126 0.020809860594346696 0.00043105597753383823 0.9997833628465125 0.28186685488718616
0.9995613965162714 0.002010525895190716 -0.029545506014277825 -0.027975402374372925 -0.0020623701241295348 0.9999963887223982 -0.001724343903786093 -0.006679377601630029 0.029541982281705292 0.0017845232423267018 0.9995618881405536 0.38155983660466325
0.9991338742634425 0.0022230916457643985 -0.04155126656297858 -0.042937828738404016 -0.0023729335976629936 0.9999908453170715 -0.0035572007454448902 -0.007292846653127553 0.04154302221713092 0.003652718829448372 0.9991300219949961 0.5021867506443914
0.998511294799623 0.002139013870802384 -0.054501729785046714 -0.05943479133826069 -0.0023861512879140446 0.9999871353561701 -0.004469822694793792 -0.00802375278459352 0.05449148587365691 0.004593220340043958 0.9985035799960337 0.6239746114246726
0.9974260511538472 0.002165857685622199 -0.07166854247271652 -0.08372354881859294 -0.0024912715676833246 0.9999869754115144 -0.0044514843894866065 -0.009027886785570472 0.0716579770367544 0.004618573450786823 0.9974185660550225 0.772085841814754
0.9959786420044345 0.0009784579042873057 -0.08958548393832401 -0.10906892971136378 -0.001385263596453995 0.9999890248261737 -0.004478928130610142 -0.010325723319920842 0.08958014582991422 0.004585017707832208 0.995969062104916 0.9187831155902813
0.9940690212604342 -0.00036273053035152 -0.10875000909564615 -0.14011984736392108 -0.00013051070185008664 0.9999897511851729 -0.004528405645176879 -0.011799627614791572 0.10875056910512752 0.004515740611785625 0.9940588207147195 1.0753964723637732
0.991217383961102 -0.0003608328068268798 -0.13224168280157025 -0.1828891814893734 -0.00027397192616068636 0.9999885481475931 -0.004782106936782327 -0.016216109793352924 0.1322419408982314 0.004776338707714076 0.9912059522075858 1.2551808009919723
0.9878334802224755 0.002888034009556421 -0.15548833587033103 -0.2319240788542975 -0.0038573558478058947 0.9999749836994624 -0.005932675713077509 -0.022568839578496563 0.15546738360103327 0.006460271700642625 0.9878198686050087 1.4231050878724465
0.9836596331880669 0.007122550105315468 -0.17989678507047946 -0.29026583301498077 -0.008631588540794844 0.9999338417248979 -0.0076069497755975445 -0.0307844746311215 0.17983072431505837 0.009035446122051722 0.9836560598238064 1.5948135817028515
0.9779836878118779 0.01080999292067758 -0.2084008735295777 -0.3627615623738121 -0.01280887733582924 0.9998839851501069 -0.008244363657121508 -0.03938573158407116 0.20828763422135047 0.010732236326387793 0.9780086869549676 1.7908617414084258
0.9715084855359847 0.011543326919068671 -0.23672318569528178 -0.43479706626979064 -0.013959056999627184 0.9998661959649667 -0.0085313127828956 -0.043069160827495775 0.23659306064085153 0.01159267720099909 0.9715396568443293 1.9744470715234899
0.9629233798483176 0.013539368412518559 -0.26943503174408684 -0.5264238132772517 -0.016237717096944382 0.9998378275489607 -0.00778852165967719 -0.04586927401604529 0.26928591908196386 0.011874759036515478 0.9629870611241167 2.1803036868318983
0.9537722293710131 0.0157777033100296 -0.3001158380584172 -0.6204414614080027 -0.018620999101657494 0.9998047667098364 -0.006616001188147838 -0.0490249481082855 0.2999528858887885 0.011898616082087596 0.9538798306874353 2.368751786944969
0.9428970963861246 0.017656980472146533 -0.33261574521327375 -0.7211686182033322 -0.020640801760945057 0.9997721444603733 -0.005439280904321842 -0.05131955245047602 0.3324439689386331 0.01199413760485732 0.9430467569511345 2.5588034070089596
0.9295498252916832 0.020468333307644356 -0.368127864183831 -0.8435958650330012 -0.02397184993783957 0.9997004511275377 -0.004946170445677907 -0.05387753672993499 0.3679164149897779 0.013422419508941658 0.9297620099575856 2.76376008781046
0.9161428566591334 0.023488291200146616 -0.40016302598066156 -0.9678176430447697 -0.027458723484934364 0.9996141249577676 -0.004190492976597038 -0.05102230139317833 0.3999102456484204 0.014827057033133502 0.9164343403376284 2.948389505411571
0.9007151012327836 0.024478648656430207 -0.43371996304875865 -1.0976435642207771 -0.028788523051298608 0.9995798621154207 -0.0033705815459902713 -0.04692218252583513 0.4334552914731489 0.015522092623491197 0.9010413744238102 3.1331029254956784
0.8811919516006561 0.020394570559868316 -0.47231838764596473 -1.2455756432917964 -0.02533132637405707 0.999670701420123 -0.004094488520254576 -0.04290124275598334 0.4720794176261309 0.015572482218598459 0.8814184648643433 3.3360834321468458
0.8608471289072765 0.015480995825643646 -0.5086279097640476 -1.3894884215753687 -0.020623593980682423 0.9997772799005558 -0.00447520004244671 -0.04234473348128649 0.5084454057199973 0.014342200977892208 0.8609747431319192 3.519106366324759
0.834486202547948 0.0171625258250634 -0.5507613837810105 -1.573417806309231 -0.02137549355010922 0.9997707556273732 -0.001232762006273466 -0.045151687131871975 0.5506140676418015 0.012801520876129367 0.8346617438114423 3.713682255066223
0.8066528091792594 0.023732145858307324 -0.590548766297876 -1.7635384410413522 -0.026997241465332233 0.9996300814623219 0.0032951868501544207 -0.0490290074866059 0.5904085493564534 0.01328511818587108 0.8069951868417752 3.8816278522758965
0.775606430753447 0.026846315310494726 -0.6306454759045002 -1.9639656744442897 -0.03021733919043636 0.999528818354891 0.005386398992194058 -0.051366535985082874 0.6304930429958182 0.014878706737377475 0.7760522097604625 4.044526494228718
0.7376892460583335 0.026874358880813666 -0.674605220977371 -2.196198896011217 -0.03056375687177096 0.9995123867578839 0.006395895581202798 -0.053550939412290374 0.674448248912097 0.015900290285345682 0.7381508758019911 4.221522205484942
0.6997624916857234 0.022987846048068535 -0.7140055052556282 -2.4160882009154654 -0.025041411539251004 0.9996572011629069 0.0076426972888945345 -0.05319340724317551 0.7139364787596111 0.012531635338293034 0.7000983299747937 4.38205970371261
0.6588581705305804 0.01959233014313721 -0.7520118522258292 -2.6544304085905295 -0.020164380395282705 0.999761514596056 0.008380445459399262 -0.05288964506038961 0.7519968286435852 0.009642331802403764 0.6590961418712482 4.535012505425935
0.6118563745938769 0.019330563542363493 -0.7907325837182607 -2.9372154252529428 -0.017451607106060387 0.999787897543937 0.010937440032652315 -0.052807151189351614 0.7907763449326557 0.007107415362353419 0.6120639730385918 4.691042776820793
0.5658874596045165 0.020280907768927374 -0.824232930453376 -3.212946840310794 -0.01551514643269917 0.9997823669533112 0.013948326575914763 -0.051422781227018 0.8243365011845918 0.00489491622185249 0.5660789735488733 4.822588708364851
0.5170033937300833 0.020817577103962752 -0.8557300104690929 -3.5033432216227713 -0.013849568027345632 0.9997767539146675 0.01595440280641224 -0.048947299920120736 0.8558712426221161 0.0036030150917051706 0.5171763140932915 4.942086803287153
0.46133843425981935 0.022704641828777725 -0.8869335448902944 -3.8427475410785954 -0.013098205452692102 0.9997378398296602 0.018779295679340776 -0.044965971702053804 0.8871275465370316 0.0029536318480483754 0.46151489758800346 5.058339750117909
0.40912264483381616 0.02478608578150152 -0.9121425629665316 -4.170403921504241 -0.012035754432061048 0.9996906175562756 0.0217666875096725 -0.03889970235268584 0.9123999363221952 0.0020730858326385546 0.4092943720507758 5.151054558941097
0.3504980183942013 0.02698075322372092 -0.936174656166122 -4.550752848758221 -0.011648252763505333 0.9996332346422848 0.024448612843306915 -0.03311501729494394 0.9364910132468616 0.0023356135708207356 0.35068373365222255 5.236464102705022
0.2975073139053017 0.029997899342621988 -0.9542480781547308 -4.9129622267872834 -0.009301008042502784 0.9995498869881192 0.02852223241602487 -0.029466610399626444 0.9546742043371936 0.0003899046938413264 0.29765235506956894 5.302082717501824
0.2454767690106055 0.03224964267390299 -0.9688657847254493 -5.287060612812315 -0.005323848665385086 0.9994761944458121 0.03191967157434883 -0.027135004883463352 0.9693878311032914 -0.0026774375535498877 0.24551986948204707 5.358767828110649
0.19140822002382413 0.032635247505808984 -0.9809676783836876 -5.714178425916376 -0.002264303572101125 0.9994590537962409 0.03280861857269745 -0.022858026377002762 0.9815078215224783 -0.004058621454724261 0.19137861501976453 5.401819364453431
0.14547999737662304 0.033615543621433826 -0.9887898186187568 -6.118492596315572 -0.003980502030311511 0.9994343617417321 0.033391780808520705 -0.01614915313894919 0.9893531521480754 -0.0009219500636128583 0.14553147157538157 5.420519986415524
0.10031146416330015 0.03385193141652601 -0.9943799686280653 -6.580300383685523 -0.0062056401602043525 0.9994228786747653 0.03339760061683598 -0.005224423221222527 0.9949367087044034 0.002820609582244859 0.10046362086548298 5.427072373469725
0.06353367725654982 0.03248545340565512 -0.9974507378221186 -7.013028408642958 -0.007379584544351594 0.9994579978678175 0.03208078405027175 0.0062488885330362 0.9979524129812193 0.005322565474322517 0.06373896126829011 5.423318591324632
0.030034391472849194 0.029980764861477435 -0.9990990638246884 -7.459154567096365 -0.006548695132979508 0.9995345567983179 0.029796974739763844 0.016000377228235763 0.9995274413280466 0.005647866426089314 0.03021675113867654 5.410650196861786
-0.0033705399026800337 0.027207268820261275 -0.9996240375194783 -7.963353265780228 -0.00573893011952296 0.9996128198824344 0.027226320127935636 0.02322264250972663 0.9999778470678015 0.0058285460057917755 -0.0032131650441110664 5.387850352757663
-0.029292582002408352 0.02553216210508885 -0.999244691954878 -8.43747131692506 -0.006325110474013801 0.9996490179458891 0.02572791820846024 0.030481450586647748 0.9995509260986535 0.007073975878210697 -0.029120864853801363 5.353692758143307
-0.05153057996808279 0.02306528389157105 -0.9984049647906031 -8.974887205845654 -0.006809506482278025 0.9997019163197884 0.023446710863593623 0.041028521854801915 0.9986481772492105 0.008006873494951564 -0.05135820012494412 5.308333568436592
-0.06724875785215734 0.021733845779072558 -0.9974994266669067 -9.479819041418528 -0.006479626298740201 0.9997321606737859 0.02221933721613332 0.05243108135130149 0.9977151888334419 0.007957652485781808 -0.0670899832335601 5.263470541526294
-0.0801252941698154 0.02210023227718186 -0.9965397049381115 -9.99976219805755 -0.005305053650007264 0.9997306055722994 0.022597546440211686 0.061176318110238874 0.9967707165742067 0.007097337234918617 -0.07998648731002253 5.21323236963494
-0.09046512764299343 0.02385227855761851 -0.9956138248716614 -10.586645292080469 -0.006422920633425372 0.9996783623282148 0.024533269733001413 0.06594054678909421 0.995878855493766 0.00861415971213108 -0.09028289518868206 5.151868864192544
-0.09704753531405765 0.02537318637135885 -0.9949561899663175 -11.135458498297318 -0.008565567155282849 0.9996167016959808 0.02632752436059155 0.06903124001219565 0.9952429042951185 0.01107739042498971 -0.09679302120541332 5.089875322171321
-0.1017746861130901 0.026259716436397164 -0.9944607630012893 -11.754878971582247 -0.008527364295352693 0.9995918091362521 0.027267917112632316 0.07881859531009354 0.9947708879070819 0.011255319432979362 -0.10150926965448631 5.024055017455182
-0.10342929655241007 0.026448353411358306 -0.994285032149208 -12.333954243774533 -0.006155454584018398 0.9996102656737536 0.02723032568688358 0.09097951600333597 0.9946177542097022 0.00893669515217542 -0.10322621257280905 4.965658058287442
-0.10268808843144482 0.028575265363932106 -0.9943029768660403 -12.988666030576786 -0.003950538174957526 0.9995676666509045 0.02913457205040559 0.1028608709153458 0.9947057400058954 0.006919811192534227 -0.10253088178922118 4.899111152588579
-0.10127421961375416 0.03126437608288868 -0.9943670404912619 -13.600204999320225 -0.004603061000624451 0.9994806381414545 0.031893973718887185 0.10944006945507212 0.9948478954210267 0.007807175042426214 -0.10107773207715899 4.8355621968357445
-0.09949331978132067 0.03176919988082665 -0.9945308210904484 -14.222532633207777 -0.006972945325706815 0.9994433426158695 0.032623709264469634 0.1172256753406391 0.9950137696904376 0.010180656115366199 -0.09921643572528223 4.770232894599525
-0.0977677416743424 0.02879938518431363 -0.9947923379372555 -14.920908245982123 -0.008788627389785763 0.9995172509554718 0.029799918838836092 0.1297044862239447 0.9951704635030298 0.011656335693501725 -0.09746747560607305 4.696619719379136
-0.09659644638863264 0.02851125620513372 -0.9949150778647793 -15.572985956073861 -0.009186189809158139 0.9995214913509546 0.02953515722671252 0.14448831356980324 0.9952812435651603 0.011992473138749847 -0.09628831120312481 4.6320380468452855
-0.09495236692303452 0.030975016111100696 -0.9949997383709391 -16.310218596264104 -0.008721048910589996 0.999451547533425 0.03194585792114787 0.1625352567057224 0.9954435995723316 0.011710782189935775 -0.09463020532324405 4.561566984392975
-0.09318535120471291 0.034284315621623346 -0.9950582472297411 -16.995650330727145 -0.009598324081097996 0.9993295834085538 0.03533035471608629 0.17675102719530014 0.9956025116568263 0.012843166414419243 -0.09279381215913764 4.49565791331979
-0.09127292856828742 0.037441304291006575 -0.9951217399075813 -17.764863441341483 -0.010777990288435096 0.9991972924056483 0.03858321449327528 0.1912648305634808 0.9957676220838281 0.014247020096203912 -0.09079614986769403 4.423891189770039
-0.08953951452945363 0.03631932433556336 -0.995320726217694 -18.47479421491512 -0.011934340150373465 0.9992240254144451 0.037535380898881573 0.2092589549489089 0.9959117748883558 0.015239401485737573 -0.0890366311296346 4.3592810424994735
-0.0877434543352256 0.033460808592162716 -0.9955808751541882 -19.196074710440076 -0.014139862278291943 0.999293121063269 0.03483177046871117 0.22971996536709263 0.9960427481034442 0.01713364041878207 -0.08720833536201075 4.293840836314083
-0.08608001541876643 0.03257414929951442 -0.9957554998562077 -20.005425991574782 -0.01548316896718382 0.9993009705791502 0.034028610257071205 0.2506441944200876 0.9961679279989449 0.018346638737940252 -0.08551550923286785 4.222223369430265
-0.08445193691289965 0.0348289701102789 -0.9958186321701858 -20.758579636052765 -0.01294702244437637 0.9992662239248696 0.03604755083147517 0.26991021947109745 0.9963434778554762 0.015937175206520035 -0.08393906574938031 4.163556176088035
-0.08318234163705941 0.037142240161784315 -0.9958418490310176 -21.594469204603726 -0.01049568047213603 0.9992170867077658 0.03814483632758723 0.28858484818160846 0.9964791008865191 0.013625018481862736 -0.08272741204843137 4.098372180805253
-0.08187616007365175 0.039386464249494414 -0.9958638395743548 -22.363132206115047 -0.009759127409993799 0.999139222371379 0.040318371190645255 0.3060744364367995 0.996594757739131 0.013019880054014929 -0.08142131580395834 4.0366749770701755
-0.08118786087235257 0.035543744624527814 -0.9960647748622492 -23.13255618401425 -0.009884537245211072 0.9992860535001842 0.03646437579529704 0.3209864815922463 0.9966497963877746 0.0128061082128748 -0.08077857977815837 3.97414861338256
-0.08066122094085906 0.027746198133718886 -0.9963552167054094 -23.984653353782267 -0.008446491068030585 0.9995575653088855 0.028519177579653082 0.33434558450005514 0.9967057572540536 0.010716102124087043 -0.08039119627774449 3.9086266398002687
-0.08059245105466736 0.023170374746258438 -0.9964776929197495 -24.771567979587726 -0.005066990877097366 0.9997073052411994 0.023655281475383077 0.3488451494857097 0.9967342452448082 0.006955585682547158 -0.08045150366170407 3.8512447731824304
-0.08108564966428719 0.022993893766322944 -0.9964418216680064 -25.649560642573107 -0.0035268635468712044 0.9997209718629296 0.023356569789729418 0.36173107463439835 0.9967008514297878 0.0054082052250882424 -0.08098199613209639 3.7844334739060095
-0.0809044831499598 0.0312283928018441 -0.9962324519859199 -26.460551692675214 -0.004494426639964345 0.9994874537654116 0.031695427233553536 0.37160111706780075 0.9967117223625066 0.007041799475527608 -0.08072265474626446 3.7173775875719404
-0.0812308979148147 0.03783151851287683 -0.9959769759290203 -27.274209133595928 -0.005570956625886329 0.9992464785560663 0.03841007937564612 0.38465633856570763 0.9966797416492937 0.008668634145131337 -0.08095898380489601 3.648758864281219
-0.08158534285368714 0.04389475115988873 -0.9956992118372152 -28.169823547676533 -0.007637724044349594 0.9989728016253714 0.044664892803981004 0.4030475688583785 0.9966371075254088 0.01124887888924006 -0.08116632738791664 3.569109640457649
-0.08195841138131453 0.044719503698451235 -0.9956318615572431 -28.980700400908557 -0.009386311915981882 0.9989138316514672 0.04563958794437314 0.4188917080763143 0.9965915552278061 0.013085862916872488 -0.08144966241856999 3.4955711704358072
-0.08238756929523307 0.04120646687905245 -0.9957480733103574 -29.868608694859567 -0.00968842415256611 0.9990644715873761 0.04214533372919895 0.43756937360079345 0.9965533058137258 0.01311948529417084 -0.08191132543557351 3.4169919987780903
-0.08281975421606606 0.03805069367045683 -0.9958377912124053 -30.674407351097106 -0.009514002119950661 0.9991950853175822 0.038970223457207166 0.4564849036028326 0.9965191622016761 0.012701912263073769 -0.08239111975156002 3.3473465642715823
-0.08281447704674456 0.03911536387604198 -0.9957969569650984 -31.48374171480188 -0.011016511725548461 0.9991323788212505 0.0401625686872205 0.475611179900394 0.996504071066276 0.014296255864801044 -0.08231177260459445 3.276179730183088
-0.08261638273368446 0.04191670500872483 -0.9956994121871672 -32.37374914968935 -0.012168384430121275 0.9989981315877564 0.04306523299360605 0.4918997589552865 0.9965071135734199 0.015673951460491903 -0.08202358296929314 3.198548295958991
-0.08264193592706373 0.04090740200262963 -0.9957392976509417 -33.18029377344682 -0.013019749358859349 0.9990276017271283 0.04212308307862241 0.5071546769365973 0.9964942550090005 0.016445413573445415 -0.08202899208457008 3.126444394166632
-0.08221479557719082 0.03546795675671466 -0.9959832278273592 -34.06052988460461 -0.01382093125318604 0.9992298083033379 0.03672444756439869 0.524582043572208 0.9965188040183315 0.016784712435537804 -0.08166132326135359 3.049950448087948
-0.08186830263465453 0.03104990177680912 -0.9961592886919951 -34.86114766243447 -0.01499509362917746 0.999363074157521 0.03238212439424335 0.5384766455545412 0.9965303755500482 0.017588574309442995 -0.08135056414333684 2.981931480657459
-0.08145958913372293 0.03146583737567873 -0.996179762463707 -35.66525175974185 -0.015057690719603068 0.9993486064612033 0.032797234130716224 0.5495186761051142 0.9965628830718005 0.017671820627572082 -0.08093275618438069 2.914863522250312
-0.08065431086506461 0.03451479920530806 -0.9961443166696096 -36.55224468288946 -0.014070080535748916 0.9992612839232021 0.03576201013201799 0.5580211196647605 0.9966428022473398 0.016900195051995928 -0.0801091471267098 2.8434223240247074
-0.08020977731987193 0.03883776600327776 -0.996021037801639 -37.359610240632165 -0.01357476193885074 0.9991053719628541 0.0400512233175868 0.5702678167229039 0.9966855479763943 0.01673325288906825 -0.07961089677682928 2.778087831241239
-0.07957371924576205 0.04458518434290502 -0.9958313182590454 -38.24868836401035 -0.01276464301975674 0.9988717445994628 0.045741301844869874 0.5883535076174514 0.9967472535102482 0.01635124072208639 -0.07891483619901878 2.706163081215244
-0.07972276176063761 0.04834853216550153 -0.9956438212226527 -39.05358780090475 -0.012861616066156024 0.9986900076138066 0.049526315800348254 0.6054327793367988 0.9967341186419411 0.01675396710541193 -0.07899655334985117 2.6405180904591163
-0.0794528213260018 0.047876576789018084 -0.9956882124044381 -39.854086123303745 -0.01254777526973892 0.9987187799599584 0.049023584904550055 0.6236911310015983 0.9967596874424319 0.01638873662102196 -0.07875032105811386 2.5765802319034337
-0.079260690389565 0.044141266920888184 -0.995876079975893 -40.73092547741405 -0.012444568166303568 0.9988974168131463 0.04526564837164635 0.6466500604535996 0.9967762199673149 0.015981039978334728 -0.0786240479966552 2.505367956357195
-0.07889395296667256 0.03962992270492209 -0.9960949101855272 -41.52544192226143 -0.013097575242169457 0.9990820850230613 0.04078614445524749 0.6635060775797682 0.9967969920643346 0.016264211616303238 -0.07830250537228259 2.439513636181592
-0.07856337958186435 0.03673623112670198 -0.9962319269366189 -42.40092289543559 -0.0172610724997132 0.9991208961813156 0.03820398513552259 0.6812018422672556 0.9967597599355357 0.020197468086671222 -0.07786020212803794 2.362221498361635
-0.07904592752822238 0.03464204660043964 -0.9962687482378976 -43.19621974927912 -0.020398300886371873 0.9991305489147703 0.036360002328192434 0.6975547832430354 0.9966622782918131 0.02319630337368937 -0.0782705468946045 2.2921780869453285
-0.07964699672593169 0.03322248962935136 -0.9962692436601572 -43.990404266052074 -0.01922435497806661 0.9992074065161403 0.03485736914037072 0.7086649350545899 0.9966377268037367 0.021928923658061563 -0.07894520751973068 2.228007496961941
-0.0809301024452487 0.029699141874108017 -0.9962771132949567 -44.860101064880375 -0.015251975834652536 0.9994020451937465 0.031031258177725788 0.7207537969090286 0.9966031125171307 0.01770656049249377 -0.08042873680035019 2.1617411491277223
-0.08157735211155419 0.027576478184494532 -0.9962853963319447 -45.6496350438933 -0.011169806665166818 0.9995291098310853 0.02858086909801866 0.7327754374288825 0.9966044491495483 0.013459871265175255 -0.081230943239264 2.100144556397446
-0.08330860236627069 0.03118081891643532 -0.9960358031409056 -46.52080744024694 -0.010167470724131824 0.9994317657284462 0.03213754519203437 0.743617770546428 0.9964719528717566 0.012804503297347279 -0.08294426851495329 2.027759106250934
-0.08499654425510783 0.037625551508200454 -0.9956704996120788 -47.31306005717954 -0.00838326160125397 0.9992243386321432 0.038475504952053784 0.7532060873699247 0.9963459694167549 0.011617256114550957 -0.08461523435076729 1.9613515585595176
-0.08669707829601915 0.04166438740218421 -0.9953629980947626 -48.09998620076903 -0.006327253421828061 0.9990819130944861 0.042371173251502095 0.7640542050734268 0.9962146130442141 0.009971378918656093 -0.08635389971027967 1.8952894770720468
-0.08849881209288152 0.04038872348129158 -0.995257003549769 -48.956048091435086 -0.005435840131894322 0.9991431301618858 0.04102979090495868 0.7767269373009921 0.9960614897302444 0.009041150389634748 -0.08820346215893037 1.8208662895208914
-0.08949359736809975 0.037258261327815435 -0.9952902055507189 -49.727578528288575 -0.009164935578946582 0.9992269612535294 0.03822972420458559 0.7870046497392487 0.9959452672290596 0.012543089374331719 -0.08908294825332781 1.744399043697216
-0.09074547956760037 0.03314087759485997 -0.9953223781444144 -50.495187276741234 -0.013146570682961626 0.9993191627473137 0.034472559921288025 0.7980557791875134 0.9957873693799705 0.01621330995539742 -0.09024800232697879 1.6662577340698184
-0.09195460181351305 0.03138246748238544 -0.9952685040802562 -51.33686960876667 -0.017713657381283172 0.9992935492543811 0.033145988048680484 0.8124264999501875 0.9956056146284634 0.020677775664671844 -0.09133379471110528 1.5774959406982343
-0.09290662910734912 0.03263941752076468 -0.9951396262798531 -52.10249475367838 -0.019953255915368683 0.9992007741054065 0.03463547057436102 0.821382078226489 0.9954748533110763 0.023074144748817714 -0.09218115673336881 1.4988168158483914
-0.09391067995620414 0.03427679385241786 -0.9949902782430785 -52.941135003133795 -0.019537285346190966 0.9991511956975192 0.036264140430903626 0.8317741809783245 0.9953889157821151 0.022845003068829032 -0.09316129669356682 1.4174282436551104
-0.09480574354695673 0.033829181881925706 -0.994920719077975 -53.697249501325324 -0.021266909124093937 0.9991254862283706 0.035998677233992984 0.8415827513508249 0.995268606269632 0.024571773823568958 -0.09400342629592494 1.341182257212267
-0.09537092876550146 0.03358207173049703 -0.9948751091683006 -54.44986356533867 -0.02240956592345539 0.9991050383546975 0.03587309263978914 0.8486955738908942 0.9951895897890984 0.025715972042958318 -0.09453307150449955 1.265540562645664
-0.0959299334453335 0.035296056218891224 -0.9947619988404276 -55.27372319339103 -0.020876578925679727 0.9990799539679889 0.03746250690070327 0.8599305158397658 0.9951690654688553 0.024361008772628725 -0.09510485972246405 1.1870459580201942
-0.0962334980961634 0.03776185022783404 -0.9946421568925631 -56.02046444051792 -0.0196599057114662 0.9990130631759528 0.039829931810494094 0.8690509736790013 0.9951646729630907 0.023387547454475254 -0.09539613730290472 1.115962191321001
-0.09625328718013877 0.042374819486558336 -0.9944543658885261 -56.837639154113106 -0.020239406722401033 0.9988035037047902 0.044519122072622055 0.8821598552841854 0.9951510855794357 0.02441228232999743 -0.09528051981371002 1.0334493719312356
-0.09670845624056047 0.04476486073356463 -0.9943054809648565 -57.57270746219047 -0.02018286185625644 0.9986944676388205 0.04692549767744118 0.8953135594577587 0.9951080961973663 0.024606027641513477 -0.09567878830901076 0.9602757095867082
-0.0974121237386609 0.044687576760110835 -0.9942402543666539 -58.29959403242707 -0.01976837065335073 0.9987074418119238 0.04682520581878686 0.909773697290522 0.9950478113680743 0.024215855780162398 -0.09640284175990683 0.8896916487096961
-0.09787367222866661 0.04277046319085496 -0.9942792405206541 -59.09057321836442 -0.019067232706641745 0.9988120767562032 0.04484237640853277 0.9232791431868652 0.9950161618423982 0.023347047570725074 -0.09694194310948061 0.8123726952254394
-0.09795543642785773 0.0393545409824668 -0.994412283322916 -59.79707871724729 -0.018825113057568198 0.9989657512918217 0.041389139253574514 0.9332441139463633 0.995012753791487 0.02277421883804721 -0.09711328960198892 0.7410553991326875
-0.0978697585760657 0.036563158417695765 -0.9945272647190562 -60.56346806983764 -0.01906960161305701 0.9990725205567424 0.038606874379196854 0.9431367121238076 0.9950165587705714 0.02274368742150574 -0.09708175205044543 0.6635008757507209
-0.09667398788073218 0.03415630395124156 -0.9947297557346914 -61.24527541166322 -0.019583214082870073 0.9991522687465259 0.03621138448660278 0.9504263797534751 0.9951234369184981 0.022980709045104103 -0.09592315856966568 0.5958283428456418
-0.09453347800530676 0.03331462456843703 -0.994964048461769 -61.914182714321974 -0.021631160231100798 0.999135212737901 0.03550951594153283 0.9559658864876555 0.9952866488591829 0.024879068563550405 -0.09373115277093638 0.5300543215393991
-0.09045367448684388 0.03449224082418007 -0.9953031311381143 -62.63381529047606 -0.022650340025779928 0.9990702933877945 0.03668127633865926 0.9604414577933829 0.9956430331702063 0.025861914541052917 -0.08958837976273523 0.46461448620520535
-0.08485222096967591 0.03558931741727627 -0.9957576635473296 -63.272129192940085 -0.02181691559877954 0.9990559341661377 0.03756630842773109 0.9650050898563124 0.9961547127593532 0.024911947647350552 -0.08399565076441759 0.41382169964369503
-0.07729061157882472 0.03742356804980897 -0.9963059370783164 -63.95896464987851 -0.021032700548225775 0.9990117041401776 0.039156868467344466 0.9694607822559661 0.996786727675241 0.0239814658132081 -0.07642711060575966 0.36482991046611735
-0.06902999680554783 0.03877617327973286 -0.9968606237893562 -64.56878190009441 -0.02201464964856318 0.9989418056954433 0.040381590911273295 0.9738012778265294 0.9973717095829409 0.024733081759524614 -0.06810331411214644 0.3244209711743855
-0.05769069937218791 0.04042922860156964 -0.9975154893664102 -65.16372395390587 -0.0241595170700352 0.9988305208011887 0.041879786005008954 0.9793700917345182 0.9980421825792613 0.02651556960978013 -0.056646518783858846 0.29113039812028707
-0.04234105409836478 0.042133266887145464 -0.998214367428795 -65.80061118990004 -0.027398167160319994 0.9986857225121335 0.043315313427281094 0.9879905330889628 0.9987275101973352 0.02918326149897647 -0.04113105106995619 0.26689786133950405
-0.024806322559257223 0.043438384438470104 -0.9987480239476079 -66.35996626899274 -0.029045706073350525 0.9986024212677828 0.044153481058015975 0.9960326457130871 0.9992702509263869 0.03010462977975142 -0.023509976080848094 0.2595842984658589
-0.0017064264308237053 0.04428059566296995 -0.9990176083478701 -66.95306572435076 -0.030301341466747206 0.9985580758220542 0.04431199396218489 1.003457292537459 0.9995393385549385 0.030347190937296202 -0.0003622110936442226 0.269819703696063
0.022606568441045048 0.04501267730403773 -0.9987304802809878 -67.46982973077951 -0.030144744148377502 0.9985623879671738 0.044322771889593916 1.0087634957948228 0.9992898462542116 0.029104494645824278 0.02393092085542906 0.2978902977403997
0.05313321023611595 0.04439407906516834 -0.9976000367436563 -68.01225763742889 -0.0284832931494487 0.9986722200288687 0.04292474929238787 1.013461082349849 0.9981811049754512 0.026134208518353654 0.05432713827870074 0.3529640411897794
0.08544875961264381 0.04447807789779328 -0.9953491698291429 -68.4821245908524 -0.027505016800430444 0.9987276127078164 0.04226780418716291 1.0160568915963344 0.9959627814111335 0.023765369883351175 0.08656339264737199 0.42096054169213176
0.12112949263982377 0.0445961089368671 -0.9916342895252476 -68.9324195379202 -0.02687212254685209 0.9987714682208652 0.04163462416675084 1.019330288236634 0.9922729259112815 0.021604142759113494 0.12217903360844505 0.5047814811843606
0.16357310320977295 0.04427680125925453 -0.9855370872835548 -69.40946043288409 -0.026709340332657927 0.998824876448763 0.040440742829682075 1.021129633678829 0.9861696226138975 0.0197080288634579 0.16456348903829332 0.6171418412802016
0.2063519184453138 0.045209017259227546 -0.9774328291527906 -69.83206837870297 -0.025871251334446337 0.998834919990119 0.040737093803029346 1.0236281869056874 0.9781358054158843 0.016881236928504885 0.20728111622351017 0.741521483423793
0.25671967515224997 0.0440807874938666 -0.9654801114524932 -70.28121747036745 -0.023078968937000118 0.9989541336011527 0.039472452512228286 1.0236479745944718 0.9662103753993794 0.012148933487117729 0.25746849279381817 0.9042793799012517
0.30430313418399624 0.03950168515004195 -0.9517557823948709 -70.6713013066518 -0.015836596166905328 0.9992114635848465 0.0364078912115849 1.0235906663613998 0.9524435561347935 0.003993540212731782 0.3046887939411238 1.0810604832635506
0.35790472079565816 0.033950112916582696 -0.9331406460388634 -71.08428476045805 -0.00991367518020536 0.9994206186035725 0.03255918503179501 1.025390940949901 0.9337054528223672 -0.002402227078986204 0.3580339031015444 1.2979570918181644
0.4075191659233314 0.028902120097013834 -0.9127390743726692 -71.44624760938002 -0.00449884867200912 0.9995504423171181 0.02964238711271604 1.0318371394232975 0.9131855685434261 -0.007973560745707165 0.40746599847195447 1.5157179375850702
0.46119536057960875 0.02780409557674715 -0.8868628452512787 -71.83429234102134 -0.004330002026192339 0.9995675484970918 0.029085782491926174 1.0399870201300945 0.8872880315542518 -0.009574103554587033 0.46111633224303566 1.7703162214804584
0.5071793567037965 0.02651545274237116 -0.8614324819037096 -72.1724679839357 -0.003149545845094871 0.9995770067470016 0.028913300108362683 1.045063215975746 0.8618347891126757 -0.01195110054933115 0.5070483322715293 2.0197179252339286
0.5504343264195277 0.02285463223785613 -0.834565539716491 -72.49191154940789 0.0035822598122561356 0.9995514237413041 0.02973545133878304 1.0494013567471965 0.8348708311641584 -0.019357033335018373 0.5501055040700795 2.2902972830571424
0.5964305240386899 0.01576048978603784 -0.8025098887486564 -72.81687233494644 0.01553428754415319 0.9993932905725771 0.031172269551900476 1.0517156343172573 0.8025143990187772 -0.031058508436970528 0.5958238654830743 2.611671268731706
0.6371526906484049 0.01063188689926477 -0.7706641733637829 -73.09856527945352 0.017722584477894706 0.9994383550575762 0.028440288718998938 1.0513980979511206 0.7705338059051022 -0.0317789605415981 0.6366064140826291 2.905626457674317
0.6807569433328653 0.005931607459886119 -0.7324853258247993 -73.39727694506591 0.014280710341247827 0.9996696828922682 0.021367448927712685 1.0522763736728211 0.7323701708574496 -0.025006442768896995 0.6804473941986088 3.236681415591063
0.7195776155762655 -0.0011270612764062 -0.6944109712569728 -73.65551314722317 0.011385524479100228 0.9998834092028016 0.010175295111016485 1.0554057777862866 0.694318599005996 -0.015228141717030944 0.7195065898130694 3.5560122093622475
0.7611469096211495 -0.004964923779125612 -0.6485605000099728 -73.92989626774039 0.007051712117277716 0.9999749936957812 0.0006207378585617958 1.0585397247862345 0.6485412640069494 -0.005045929343609959 0.7611628489782806 3.9341487120203116
0.7969135799642748 -0.006059841862852584 -0.6040627798835195 -74.1669058925546 0.0058126798466997314 0.9999802914489855 -0.0023632041271471624 1.057387156661519 0.6040652674397229 -0.0016279492749169335 0.7969331583455587 4.307229367584234
0.8298827356534898 -0.008086996288083558 -0.5578790422850672 -74.38835435386237 0.006685196009527478 0.9999672348909947 -0.004550810778376274 1.0564230799903378 0.557897677325518 4.71094819393729e-05 0.8299096764803429 4.706747870786916
0.8626900782334691 -0.007343239413032198 -0.5056794688311074 -74.62092116996936 0.004102000254739151 0.9999632294952355 -0.0075229785591629985 1.0527637265026069 0.5057162296413692 0.004415702654466315 0.8626885363126181 5.170236780746927
0.8882229415590174 -0.005547395887137287 -0.45937906397886996 -74.81925023511978 0.0032767388481655243 0.9999781768049951 -0.005739925529898963 1.0444044985931966 0.4594009779303202 0.0035930720174441556 0.8882216835554124 5.618240423668528
0.911133126839088 0.0002776319599813623 -0.41211192038503147 -75.02750683742055 -0.002460390186559076 0.9999856209516924 -0.004765973000880587 1.0378080954259863 0.4121047511344161 0.005356393944881164 0.9111207111298778 6.1347213207724005
0.9283097867568046 0.004406797567414698 -0.37178146052064887 -75.20467221094198 -0.007402855110436412 0.9999506053951609 -0.006631744894914738 1.035350405375563 0.3717339453165979 0.008908558298371727 0.928296547906087 6.622444291805664
0.9418297990043777 0.008763369355694982 -0.33597563247828843 -75.37152146640273 -0.011414609937633935 0.9999172931962081 -0.005917015609368539 1.0302715529207396 0.3358960693960356 0.00940785298366018 0.9418520316436101 7.135579331500398
0.9528096919805591 0.010290346348933627 -0.30339364009536673 -75.54248681522448 -0.011903796286284246 0.9999231358040035 -0.003469075178376766 1.019384465332468 0.30333465745204885 0.006916904708871078 0.9528590241935372 7.7238406268673785
0.9600775990191047 0.009154543319040444 -0.2795839181621779 -75.68922639151572 -0.01017722826646066 0.9999457782175365 -0.0022064180541684357 1.0100459315404937 0.27954862947961107 0.00496372378832927 0.9601186764195122 8.278979035400901
0.9663911658833729 0.009082429848438794 -0.25691537987211516 -75.84353541760733 -0.009414334352792965 0.9999556723518012 -6.188066376883856e-05 1.0037467203992694 0.2569035241801018 0.0024784896393163867 0.9664338287292079 8.908183570803134
0.9709305954126668 0.011683579791069794 -0.23907593789332415 -75.98153094731484 -0.01136798351020724 0.999931765841534 0.0026989916667092485 0.9960452912544645 0.23909123510185826 9.727847453968456e-05 0.9709971435687115 9.498468600747971
0.974469406145663 0.015452079230044817 -0.22398770951012018 -76.11784577961423 -0.015057786160787665 0.9998806365941636 0.0034684236392905823 0.9886271250215866 0.22401459794979417 -7.111562404508049e-06 0.9745857748553073 10.101597539147974
0.9776268105882558 0.02006668829180416 -0.20938737069787314 -76.26167205360844 -0.019328365549745024 0.9997976608681227 0.005571989935087601 0.9805958260396956 0.2094568899027943 -0.0014002100318042184 0.9778168894707644 10.784020707718746
0.9803154345083527 0.018418368044374078 -0.1965764339656218 -76.37808421807625 -0.017738620888979127 0.9998290406784823 0.00521821626396398 0.9762902594545048 0.19663895839665177 -0.0016285015400749666 0.9804746076653583 11.420410076903865
0.9828771807185712 0.018284455036987547 -0.18335233742684656 -76.48758147137295 -0.017685195163830388 0.9998316189038482 0.004903155577493065 0.9730406840120001 0.18341119573417636 -0.0015765752985967166 0.9830350189199313 12.07133420084261
0.9856445941152433 0.01865568562417788 -0.16779943790360352 -76.60348075259698 -0.01800939496217231 0.9998234102981294 0.005372677534626332 0.9699422353422663 0.1678700921007002 -0.0022735802079188287 0.9858064611466615 12.806153117111306
0.9878940356332611 0.019846564584515683 -0.15385495774988195 -76.70026845683925 -0.0191812555431939 0.9997991338249334 0.005807641295890385 0.964669672351021 0.15393937837090882 -0.0027862004024367206 0.9880763296738512 13.490134655073996
0.9899118480247107 0.01991963797938238 -0.14027689814062244 -76.79990216391053 -0.019685796152546536 0.999801544952742 0.003054570290200352 0.9536838505378609 0.14030990282108197 -0.0002622932682880751 0.9901076251933314 14.253685756022632
0.9913676475432007 0.021148081824992625 -0.12939416934268896 -76.88425060543429 -0.021485595239097773 0.9997684180681482 -0.001212842140684515 0.943126258954321 0.12933860023181737 0.003982484911080221 0.9915924699645283 14.958782839366796
0.9926043613571324 0.01845967267682219 -0.11998257227972303 -76.96128554110199 -0.019580252249518097 0.9997749835948478 -0.008167203692139944 0.9348996989643562 0.11980480734871836 0.010456090764624455 0.9927424528420462 15.673868442156184
0.9936267276816129 0.01794444688618568 -0.11128265775920448 -77.04217536947075 -0.019092416474210214 0.9997748384257447 -0.009258628739540994 0.9257096928486342 0.1110914866287764 0.011324275354079788 0.9937456680613925 16.477977288237973
0.9943202612427807 0.019703587180752605 -0.10458962928361454 -77.11705642587475 -0.020131739573493727 0.9997927226125066 -0.003039381861886732 0.9128045537003425 0.10450809755243816 0.005127690385427045 0.9945108277759939 17.22191585641912
0.9947478651273445 0.02425325123523835 -0.09944052534054706 -77.19442791353005 -0.023868861561337953 0.9997023430503604 0.00505365706794349 0.8974598835638619 0.09953352417669943 -0.002653580690973245 0.9950306762824747 17.96907868021553
0.9951707744756129 0.025420514416735793 -0.09480935856138356 -77.27177000098901 -0.024539384642940212 0.9996442569804826 0.010448307133051737 0.8851983536524999 0.09504128013253131 -0.008071283050408865 0.9954405602822696 18.78862704068654
0.9955277961004448 0.0234265670586114 -0.09151742219939847 -77.33453083396138 -0.022743861875177147 0.9997052731132413 0.00849583891074139 0.8761432539885456 0.09168948464791259 -0.00637638294235684 0.9957672548171147 19.52717462539112
0.9958355117638068 0.023588987978794176 -0.08806324097689933 -77.40341676632032 -0.023011395056792828 0.999706541354992 0.00756850924016561 0.8664519224336 0.08821600477643114 -0.0055105288847258965 0.9960860843745485 20.34064365486437
0.9961132840628618 0.022071135647510863 -0.08527137628615818 -77.46235910288637 -0.021349937139506336 0.9997282654327333 0.009360564964141279 0.8588963900742066 0.08545487348459313 -0.0075036424441079575 0.9963138206452946 21.083221005392286
