1.0 0.0 7.52316384526264e-37 0.0 0.0 1.0 0.0 0.0 7.52316384526264e-37 0.0 1.0 0.0
0.9998912874421289 0.0012954428394363953 0.014688744265640914 0.011458567544892908 -0.001280565046716517 0.9999986088757229 -0.0010221447004938114 0.00042787952677023967 -0.01469004034573676 0.0010032212940666212 0.9998916204975669 0.12154457716999473
0.9993125085985998 0.004180866159710201 0.036839242472588137 0.03109624095926591 -0.004161796096231712 0.9999911366287572 -0.0005943691038689204 0.0010270322081247414 -0.036841404461704516 0.0004406379461521755 0.9993209589639187 0.27297365910354354
0.9980363546456475 0.005693629992028974 0.06237880291767842 0.05938939888224786 -0.00574514994925971 0.9999832785110047 0.0006465668168406832 0.0023032562201204384 -0.06237407703206989 -0.0010036730815146735 0.9980523418547985 0.4280078013391827
0.9955308064195858 0.005527008968072275 0.09427515792420707 0.10208001137733304 -0.0058205942081698755 0.9999789543362231 0.0028394352746796488 0.003243250835647317 -0.09425750436546022 -0.003375486263276291 0.9955420823190191 0.5937103343147687
0.9909590035745918 0.0023828198641812773 0.13414374857400704 0.1658919418261695 -0.003103815605217751 0.9999818282289272 0.005165924662765247 0.00529775133700402 -0.13412906030051494 -0.005535582311251947 0.9909483643856078 0.787820205291338
0.9851230402019955 -0.0008868920383201563 0.17184844483703454 0.23757996816102622 -9.595525707745467e-05 0.9999836764239418 0.00571088376594983 0.007536079890621525 -0.1718507027348487 -0.005642413768450728 0.9851068668043717 0.9740612034817869
0.9760650782988409 -0.0012202974342702443 0.2174749194178633 0.32448814603320936 -0.0003269613193858125 0.9999749122272545 0.007078548195570427 0.011334321249837253 -0.21747811767596867 -0.006980234361133844 0.9760402455853029 1.190337878897511
0.9646844227934177 -0.001152830530166125 0.2634056672403273 0.41522445740632974 -0.0013442789506257471 0.9999558614786006 0.009299671032280443 0.014777588079506267 -0.263404793074855 -0.009325340477387367 0.96464031269544 1.3953846948387816
0.9494668995877198 -0.004625967826847235 0.3138331449651416 0.5378596172826654 -0.0006983274136278794 0.9998577614791898 0.016850827507034902 0.01359383268397889 -0.3138665386067583 -0.01621846241460162 0.9493285873803377 1.6285771734328536
0.9333416517228666 -0.014198007251957679 0.35870844463400076 0.6773807984951888 0.005618899923978948 0.9996729902456668 0.024947878756558652 0.013082065374613218 -0.35894536265026006 -0.021269349059449202 0.9331161880116378 1.8414573615528016
0.9132289873885063 -0.020106338966201863 0.40695033086003823 0.8263792757364689 0.008923659071596608 0.9995291007122007 0.029358692797171248 0.015937077698794624 -0.40734903418077395 -0.02317972531679949 0.9129783050436943 2.0536544328878077
0.8867471464922001 -0.021836445929407134 0.46173866551444787 1.0028286595754294 0.007323030566150316 0.9994218839486712 0.03320093269439231 0.019238569439107654 -0.46219670826289255 -0.026059509339213353 0.88639441176405 2.290779270307721
0.8596804631742393 -0.024009557488514733 0.5102676005894291 1.1834423539558911 0.005442510936825753 0.9992686469850676 0.03784912509544285 0.02409407104672271 -0.510803194466526 -0.029761017737592575 0.8591823538519111 2.507272978665605
0.8257945848143287 -0.02941715635720274 0.5632032972512997 1.4084862992144804 0.006726554325238073 0.9990814068841859 0.042321108345966606 0.030969927471425525 -0.5639309575235993 -0.03116012624681517 0.8252338562437963 2.7408300427416146
0.7912769274427792 -0.03487984945274281 0.6104622258902587 1.633661527267275 0.008797394375082004 0.9989177379054199 0.04567183754063948 0.03660122075911457 -0.6113946117709449 -0.03076859735621786 0.7907274305698929 2.9469228649371373
0.7548557078435156 -0.03916686345986249 0.6547204323659793 1.878707377471778 0.009801707140265731 0.9987775887778626 0.0484483347122404 0.045539705202985024 -0.6558177387399032 -0.03015411796117745 0.754316823863054 3.1510860635609106
0.7127452539021543 -0.04268286694688368 0.7001230544969693 2.172299967474032 0.01111976443175754 0.9987088885367923 0.049565862534081635 0.06038279519966815 -0.7013348359407042 -0.02754262736661647 0.7122996472263631 3.3735599392613334
0.6724552310644455 -0.04461455387874242 0.7387919440406843 2.4598014929737313 0.010848864677621507 0.9986685285375237 0.050433390875804986 0.07561263498922151 -0.7400583448632954 -0.025899146685955915 0.672043866370934 3.5752384622172384
0.6272921681075752 -0.04497688279003389 0.7774841089676992 2.7988883898387327 0.006020273708852293 0.9985811700179255 0.052909897374909524 0.09309079058079585 -0.7787607007812887 -0.02850929922764606 0.6266729162499992 3.800344390074955
0.5869399533675289 -0.04579256760739124 0.8083343940727609 3.133423508520928 0.0031897651975807124 0.9985222755648099 0.05425069905665756 0.10799990753060147 -0.8096241812559226 -0.029263508324675308 0.586218662306365 4.000738163809416
0.5480840904962999 -0.0469448457043471 0.8351047884678917 3.49518724652033 0.0016134686192521975 0.9984811678433271 0.05507001630498769 0.12380367117273244 -0.836421722874653 -0.02883558146960221 0.5473273580120368 4.195553902322917
0.5069285082680419 -0.04953393497105815 0.8605636987558024 3.922758255573998 0.0002157201702984562 0.9983548176839693 0.057338115512320535 0.13996997816058612 -0.8619880655350401 -0.02888068779728508 0.5061051994856811 4.408062384868916
0.4708342042728498 -0.049409942984121026 0.8808369898462053 4.336330185771251 -0.0025058277670985236 0.9983515263170467 0.057341286313275314 0.1576245271913355 -0.8822181659722208 -0.029205471005848017 0.4699342119519649 4.59915228478594
0.43555197018787883 -0.04882257941511402 0.8988385877207502 4.7745805890634765 -0.00388830602812482 0.9984167149539975 0.056115577113337325 0.176847626420823 -0.9001551585518963 -0.027936214983291036 0.4346725254674376 4.784070495539986
0.3996619734812397 -0.04735580685495076 0.9154385258813899 5.288949610927687 -0.0024154682893373935 0.9986067556221667 0.05271266854885953 0.19948981544906763 -0.9166593638883321 -0.023278468893394678 0.39899077322999477 4.9778923247956826
0.37095220620664615 -0.045825718555682265 0.9275205939869998 5.78303855438187 -0.0003605936229548508 0.9987745503798602 0.0494903648298041 0.2219252978321818 -0.9286519160511905 -0.01869302211391058 0.37048107851589374 5.1496987939075645
0.3458504270226803 -0.04395277696348317 0.9372595591418612 6.303095798025697 0.0009889482417855023 0.9989187418764509 0.046479365818643835 0.2445175353019601 -0.9382891606894701 -0.015148014190158604 0.3455199091542537 5.3221788728668775
0.3238137581341136 -0.04322843227636082 0.9451326763449373 6.904853253366231 0.0022502629336393037 0.9989880181109994 0.044920697482232985 0.26921376640800027 -0.946118225894424 -0.01241914888921944 0.32358328583669216 5.513989086284154
0.3091182208687347 -0.043742396392519256 0.9500170689769531 7.478769493957774 0.003166136237209923 0.9989834560009625 0.04496679833939315 0.290722768254356 -0.9510183615170144 -0.010892181662831726 0.30894246089622557 5.689743953382188
0.29681643199067925 -0.045454851899096906 0.9538521227404791 8.137147714214139 0.004446125833789386 0.998921443087584 0.04621905543299662 0.31439268709299034 -0.9549242208316423 -0.00947763222777171 0.29669838173775026 5.886619467329612
0.28622117072908204 -0.04738322272932231 0.956991189351818 8.759535797232948 0.0032949104240591097 0.9988191998200775 0.04846878978654794 0.3373136116973886 -0.9581578910299304 -0.010719597446127263 0.2860393191814468 6.070613244638794
0.27600524178125435 -0.04908332995785491 0.9599020083208842 9.40363997380092 0.001679733111947587 0.9987183044679279 0.05058517590431197 0.36223780394947747 -0.9611546076262055 -0.0123494032444556 0.27573394009316976 6.2558326163075995
0.26529655823036313 -0.05091342889443663 0.9628216460022339 10.136706142350022 0.0008839671324394401 0.9986172039716653 0.052562709452370515 0.39156310269355066 -0.9641664742354836 -0.013093601890261219 0.26497470182049604 6.456869312270497
0.25544636926197645 -0.05278343276668788 0.965381332750488 10.825842281767255 -0.00011076526178992253 0.9985070351292048 0.054623935445530375 0.41962355228821735 -0.9668233011824026 -0.014060419878889539 0.2550591166673739 6.637756472947514
0.24522733284891257 -0.05441519561156957 0.9679372004538688 11.533096504700714 -0.00024979151995851713 0.9984198942517524 0.056192153349855285 0.4505563895171548 -0.9694655775622356 -0.014021636404774968 0.24482623979031926 6.815085796233438
0.23436071370515676 -0.055678209872224285 0.9705538784021931 12.33175517444153 -0.0003150375511576018 0.9983540641669032 0.05734911282053574 0.48744877962516403 -0.9721496994661107 -0.013746137141135907 0.23395740430561546 7.006513779426761
0.22424496250771972 -0.05875216549442831 0.9727601420491112 13.07341581870939 -0.0016650228851879491 0.9981565041420889 0.06066987474732152 0.5232811924625801 -0.9745313959817689 -0.01522459113973347 0.22373372039767897 7.177483809603189
0.21341329697193268 -0.06168391977130312 0.9750127035975694 13.825232925639494 -0.003463314927756105 0.9979506926421101 0.06389315138245208 0.5616539427460593 -0.9769558843882945 -0.017012425872260706 0.2127622990182454 7.344027675091119
0.20053852702746314 -0.06649721297199088 0.9774263879803188 14.661210553640784 -0.0045593552144842136 0.9976195768837826 0.06880647274260523 0.6044737773083235 -0.9796751603574003 -0.018254790474820287 0.19975798162742067 7.515941479942552
0.1881571297035306 -0.06885308090846734 0.9797224878954155 15.426509880694562 -0.005478670396505265 0.9974504715732834 0.07115116792043931 0.6438544013414207 -0.9821237237675956 -0.018755172722611506 0.1873001808678949 7.662140786663426
0.17324995181543842 -0.0694630958525726 0.9824251537853772 16.272948997091824 -0.0060324813765128 0.9974160943404907 0.07158687391196056 0.6870881912762566 -0.984859410288068 -0.01832888390969914 0.17238323275149398 7.810665490252249
0.1594499450241862 -0.06850893541558394 0.9848260253029217 17.047503715938568 -0.007318901658937861 0.9974796556882042 0.0705741723370287 0.7277710253472464 -0.9871789272595709 -0.01846089561713877 0.15854666053278854 7.935514542263454
0.14380476293663103 -0.06754908152460827 0.9872978852942587 17.8286071642144 -0.007851402069570591 0.9975583201545305 0.06939468416386142 0.7670979995795031 -0.9895749031812443 -0.01773096423628532 0.14292325860566368 8.046718044694764
0.12226149306344984 -0.06583762712213877 0.9903117684760607 18.69276653459978 -0.010495945646413594 0.9976558200013311 0.0676216828195176 0.8079096541706665 -0.9924425016688221 -0.018661784901479135 0.12128382593720033 8.15145314203854
0.09808072073772248 -0.06462474778948243 0.9930779178950134 19.484899975155123 -0.014797167155778277 0.9976842705244984 0.06638593981136812 0.8456132048728653 -0.995068453474499 -0.021205923739827076 0.09689732616222298 8.229576161471575
0.06939182031168223 -0.06435457333494804 0.9955115056618441 20.28159458669746 -0.019009423107363237 0.997650551366451 0.06581790675133199 0.8836212549608029 -0.9974083569788915 -0.023491325655053838 0.06800540014861207 8.285528972702194
0.03465720316346376 -0.06390742943648325 0.9973537981673147 21.162665137550956 -0.022446783125910922 0.9976517937686293 0.06470654186194998 0.9240630748322547 -0.9991471491820955 -0.02462992982814786 0.03314127551426088 8.31341017512119
0.001708222223655152 -0.06362012888188717 0.997972708496697 21.966707487037905 -0.02430901768702712 0.997676563852699 0.06364286754400582 0.9580153594353289 -0.9997030506079877 -0.024368445694962493 0.00015766247067694987 8.30965478941595
-0.034167737946948364 -0.06242757490222333 0.9974644033901857 22.852987522808796 -0.0252666959393702 0.9977821177872684 0.061581973594279464 0.9943736008015776 -0.9990966684256443 -0.023098518583967907 -0.035669293980557425 8.272768362023994
-0.0657260406737736 -0.06036262214685639 0.9960102505546273 23.659322222769934 -0.026984986207156503 0.9979110406064425 0.05869710494507446 1.0258456540609548 -0.9974727436946558 -0.02301939588378493 -0.06721763681259321 8.214611751578804
-0.09686706542363344 -0.05792527651760881 0.9936102861319833 24.46529337885843 -0.02982069413327657 0.9980257102565315 0.05527547316769123 1.055522644651278 -0.994850487145835 -0.02427577489708048 -0.09840321193217344 8.132907669125588
-0.1311595446600423 -0.05336633584631309 0.9899238574024809 25.34830828521913 -0.02755220856698264 0.9983605408397357 0.05017064308102509 1.0850043367433708 -0.9909783742095877 -0.020694225957450758 -0.13241489475638704 8.007616655969736
-0.16160280449872047 -0.04795157872819104 0.9856901586681666 26.14673568464794 -0.022439212764515166 0.9987390656922192 0.04490749944643537 1.1092376617462163 -0.9866007096997058 -0.01486094224561852 -0.16247502592699506 7.863055041973365
-0.19385436596213854 -0.04069373410401942 0.9801859488698267 27.020328906274443 -0.016190036132374103 0.9991359193866208 0.03827851864568777 1.1292826165731384 -0.9808966895654634 -0.008448794195661774 -0.19434573292924331 7.676066568881857
-0.22163526605855507 -0.03549030560731707 0.9744835571542702 27.811206525403232 -0.010327009053810027 0.9993668629621444 0.03404778556270477 1.1436462262490865 -0.9750749139752397 -0.0025173163231683136 -0.221861472725824 7.481796455893101
-0.24863598576637638 -0.029803568586066476 0.968138305596465 28.598979755486923 -0.0024502037830448765 0.9995426130119496 0.030141072846168897 1.1526064062331014 -0.9685938660943583 0.005122014886209222 -0.24859533855066637 7.25953718837452
-0.27651939670031583 -0.019764583745885845 0.9608050789530809 29.455797950623133 0.003926422845168137 0.9997568800499319 0.021695875002402026 1.1531293446491786 -0.9610002951060097 0.009771852130888818 -0.27637462024267606 6.995314604874693
-0.3010811534719013 -0.004851575473510218 0.9535860960642581 30.219147594133712 0.008482463807460507 0.9999338407931914 0.00776559600090389 1.1467166149551813 -0.9535607775913896 0.010426824837634768 -0.3010200735655007 6.739004658107775
-0.32497002102689565 0.012299178315309127 0.9456442784508198 30.972309674813495 0.009911327335583982 0.9999047651762942 -0.009598880168988437 1.133329220341283 -0.9456723498869202 0.006253230953370945 -0.3250609838843229 6.470765828368425
-0.35165328337554863 0.02877270666492745 0.9356880190869321 31.792857343919763 0.009933714675673368 0.9995859610544804 -0.027004275415097 1.1086819516305892 -0.9360775889493727 -0.00020129121146418759 -0.35179352204076236 6.157469870866647
-0.37553703793851045 0.03918765672519003 0.9259785116732996 32.53204180795746 0.013226487288118646 0.9992305564217404 -0.03692361904359718 1.0725665510945768 -0.926713006666112 -0.0016187523396898574 -0.37576645469699915 5.8491395161275985
-0.4005274982065062 0.04338588904821899 0.9152569667641476 33.33815059121208 0.01634258977212737 0.9990577254212775 -0.04020658868085592 1.0251041714719633 -0.9161389469656173 -0.001146185935363464 -0.4008590830632252 5.486317151498346
-0.422233040350329 0.04308576987999897 0.9054627888730948 34.06229649985199 0.01952403765635803 0.9990703316922964 -0.03843563011750252 0.9795708591664257 -0.9062770852326086 0.0014494931927535963 -0.42268173986810414 5.139563834870961
-0.44192626984327205 0.039186810497631154 0.8961950048316119 34.77897121266136 0.02283423728455265 0.9992130504545836 -0.03243148403525051 0.9341902504216484 -0.8967607022030258 0.006131598639077427 -0.44247334871489874 4.775888590022236
-0.4609321738900539 0.036674504276779464 0.8866772084621448 35.5522298910493 0.02975472112886451 0.9992225905215538 -0.02586183593688611 0.8862747905845205 -0.8869363901133821 0.014462271868915971 -0.4616651066518159 4.357179534596352
-0.47434143575427085 0.03831371819033841 0.8795067810368117 36.24265777397676 0.033639426533929644 0.9991116768426892 -0.02538140740307572 0.8436362736108916 -0.8796979963154888 0.017546638984545705 -0.4752089662291742 3.9714902395436393
-0.48521926915710784 0.04134721956605614 0.8734143565666576 36.92368850372048 0.03656736849241923 0.9989670073530875 -0.026976118192051538 0.804867678245798 -0.8736275373412311 0.018849121036199613 -0.48623001235718805 3.5846180710169393
-0.49577259448902733 0.044707948662524546 0.8673008527018503 37.66132535550604 0.0385064244306539 0.9988235371890721 -0.02947643123827363 0.7628159489599995 -0.8675983173017145 0.01878303563343534 -0.49691088148286827 3.155373810844392
-0.5059615742643451 0.04476471535835956 0.8613935752404358 38.32761393310739 0.033009585595442946 0.9989257015292783 -0.032522947733881646 0.7203299954051723 -0.8619240996877646 0.01197887433301604 -0.5068957324974898 2.7685133866882503
-0.5181312590325241 0.04219830943182661 0.854259533574287 39.05977807888338 0.03077013990152214 0.9990553113863418 -0.03068796467186448 0.6744944700316652 -0.8547474921185619 0.010385283175888042 -0.5189402147068481 2.331745295643527
-0.5265407371641408 0.04416625482718437 0.84900189086136 39.71303249769935 0.03332925142029898 0.9989542710173782 -0.03129660632167687 0.6350980272949068 -0.8494963120921023 0.011817650583966586 -0.5274621705686828 1.9174413506572066
-0.5335009337691188 0.04740937075833638 0.8444696272350771 40.368955582403004 0.03694371185373063 0.9987810981880302 -0.03273307266602126 0.5933456145336647 -0.8449922107581401 0.013734705559067474 -0.534602130863229 1.4937692539251795
-0.5375802373166527 0.05094514640408594 0.8416721166943599 41.10327828594933 0.03780250044536953 0.9986257091424884 -0.03630067524179875 0.5479134540228432 -0.8423647531351801 0.012302767590247898 -0.5387673018425779 1.022568742177411
-0.5374295416136631 0.05278738870126574 0.8416548862547975 41.784318165065926 0.03773781181210294 0.998544579582572 -0.03853022716157715 0.5083974882098233 -0.8424638741052425 0.011054928944008391 -0.5386394813687745 0.5869645230992798
-0.5344541185985687 0.053450247850759344 0.8435056839028965 42.482664942208714 0.03975649769617342 0.9984834980264343 -0.038080571419525144 0.4644130419705741 -0.8442619511989665 0.013182505944008133 -0.5357686797896551 0.14296105355892816
-0.5284826007671862 0.05158709994709634 0.84737529846987 43.27285156928765 0.03796709494084448 0.998589575508216 -0.03711389860754273 0.41519944815216464 -0.8480947400687673 0.012558319993531197 -0.529695848325738 -0.34377984279448576
-0.5219726638042005 0.050571353835779195 0.8514616462717358 44.01021724957111 0.03597817420533646 0.998657745010595 -0.037258119178365356 0.37067937689717856 -0.8522030390244785 0.011186310527119266 -0.5230915808256809 -0.7849670490078077
-0.5152060665768922 0.05006675078089649 0.8556027005307515 44.76338055367871 0.03439337679875332 0.9986958723261824 -0.03772989223439717 0.3257332398281983 -0.856375919569931 0.009988387919218838 -0.516256212511997 -1.2285711282819851
-0.5086504800805686 0.048400504543697355 0.8596115460635411 45.61130972089351 0.03144984757769983 0.9987967981503909 -0.037627817161410476 0.2751371723836161 -0.8603985132626357 0.007895232178430802 -0.5095607015049551 -1.7186922908788655
-0.5042887921850878 0.04652336557642832 0.8622808373633474 46.40049532205875 0.027428538585152318 0.9989067906903036 -0.037853803241253245 0.2268788677285699 -0.8630992690265382 0.004561842117287477 -0.5050136537415247 -2.166373508724283
-0.5027603066530936 0.043268334457910694 0.863342310981018 47.28700169878089 0.02261404398326296 0.9990630206843514 -0.036901191511959114 0.17078059335162338 -0.8641300842717117 0.0009712043311247687 -0.5032676633340691 -2.664316362342609
-0.5031930679126364 0.04069190407684207 0.8632153782643133 48.10550281941458 0.019507424855734198 0.9991710075453819 -0.03572941483957995 0.11976031795083962 -0.8639537878540627 -0.0011396908058312687 -0.5035697515648808 -3.126772212256864
-0.504240098491021 0.03922515913820779 0.8626721229926073 48.93247669368699 0.017975976846054918 0.9992281297436761 -0.03492715790703726 0.0686099687329134 -0.863376359354792 -0.002104307154792497 -0.5045560325516802 -3.5981772314821807
-0.5046991898349887 0.03856827990951571 0.8624333092208296 49.85451073239917 0.0178977822669217 0.9992542535703682 -0.03421311937124662 0.014789927982796927 -0.8631097384775728 -0.0018316952579415723 -0.5050130812252797 -4.126411219251416
-0.50489185374085 0.037792556738046046 0.8623548393940393 50.7021149759253 0.01783654958874454 0.9992845311287281 -0.03335053951963207 -0.03274205515415008 -0.8629982825002154 -0.001456989414922192 -0.5052047283231359 -4.613877656060987
-0.5049111999664436 0.03727486609373898 0.8623660321906343 51.55999794828401 0.01804093359955906 0.9993046667624111 -0.03263102162094336 -0.08145812475360803 -0.8629827159682831 -0.0009178890787437147 -0.5052326645993455 -5.106562764930049
-0.5049983622187401 0.03671358756668954 0.86233908580563 52.50987991052775 0.017684045431845156 0.9993253229823271 -0.03218966982172709 -0.13593677412409222 -0.862939140414069 -0.0010060906183774392 -0.5053069038385115 -5.653152231733739
-0.5052354734115243 0.0352166647686063 0.8622626939921626 53.3800874658428 0.016073263231199737 0.9993777199729803 -0.03139875554828892 -0.18694970990209528 -0.8628318679922858 -0.002004394980501728 -0.5054871113877843 -6.150431736054239
-0.5051833187737971 0.034167722686872265 0.8623354318191723 54.33431189068949 0.015509452205047522 0.9994140288187728 -0.03051317686016799 -0.24415783440586641 -0.8628727187916246 -0.0020404012484426465 -0.5054172522599504 -6.698003435219746
-0.5046728155181366 0.03356246591545223 0.8626580411997608 55.19923620178515 0.014362500086268474 0.9994321419745623 -0.030481432704530225 -0.29794457022135923 -0.8631912568164614 -0.0029932290425462166 -0.5048682685625542 -7.193114537920056
-0.5035925296574448 0.03218281909118036 0.8633417162371576 56.06382394548086 0.013849389932452563 0.999478248689437 -0.029179165242937434 -0.3504083636162089 -0.8638302741414081 -0.0027376629111920334 -0.5037754779908716 -7.687125510644689
-0.5014186178947075 0.02986711044303065 0.8646890632996307 57.01548186528425 0.014299588531818988 0.9995535590620463 -0.026233361315616016 -0.4072259561122352 -0.8650866001568033 -0.0007892059680807358 -0.501621920022447 -8.22904692052915
-0.49909079690847225 0.02837829686467149 0.8660848531891577 57.880715994414516 0.014616220527450614 0.999597088133756 -0.024330236540145996 -0.4573881392653999 -0.8664264116102092 0.0005158851848981104 -0.4993044955521998 -8.718723643693993
-0.4968456870539046 0.02794396768852498 0.8673888134295836 58.743847819956386 0.014844417191116083 0.9996088431226361 -0.023700627688369946 -0.5059418037587197 -0.8677118818995168 0.0011003180396100011 -0.4970661997159018 -9.204602516854338
-0.4945609638537286 0.02851455091122896 0.8686749547148042 59.69017302200396 0.015517863827941826 0.9995920009060061 -0.023977198773116715 -0.559118772474159 -0.8690043434820458 0.0016217882981743867 -0.4948017180263833 -9.735869349731663
-0.4936771468020959 0.028811085906608726 0.8691678739287406 60.54886627737197 0.015379503587697303 0.9995840019978611 -0.02439874466318936 -0.6073059229124479 -0.869509246772535 0.0013222567511487523 -0.49391485166602767 -10.215760511562141
-0.4943202063843332 0.03027150735900383 0.868752604812496 61.487780556051064 0.014718751922347065 0.9995416417714104 -0.026453863634137736 -0.6628414810785411 -0.8691552666511011 -0.00028973009942885093 -0.49453923658428567 -10.739272621222511
-0.49705367017758906 0.03190596658476058 0.8671329360356856 62.33643943870598 0.013450944283529656 0.9994869716777498 -0.029065627787483714 -0.7135423081291005 -0.8676155365520124 -0.0027834259615583624 -0.4972279063317404 -11.21421698545101
-0.5012500653088935 0.032570545538401593 0.8646892552832114 63.17893657215897 0.012326180389583823 0.9994587052340136 -0.030501623777391608 -0.7645927787025141 -0.8652146344318262 -0.004630634453464181 -0.5013802481395155 -11.691873438367452
-0.5069980034757107 0.031285420291461995 0.8613792207125317 64.100030667914 0.012964165956801277 0.9995048204103714 -0.02867161052056339 -0.8198934721501148 -0.8618496666395905 -0.0033693970012720047 -0.5071525828728873 -12.225414045797198
-0.5122853920110524 0.028758868400611395 0.8583335803143852 64.92777222340075 0.014397818805538904 0.9995862817466592 -0.02489846449286361 -0.8732171977282974 -0.8586945619943395 -0.00039699363573312776 -0.5124875159179234 -12.718432098481554
-0.5177895007404283 0.02667262734618227 0.8550921120525599 65.83363126151787 0.011925010104599579 0.9996417500242456 -0.0239605014229336 -0.9295957054225827 -0.8554249514945185 -0.002209516096488293 -0.5179221641344492 -13.257279264085435
-0.5225085809483859 0.02941106262033023 0.8521265526952149 66.64490029155702 0.013979604444102425 0.9995660442958094 -0.025927893628137105 -0.9799546072493618 -0.8525193835535726 -0.001635165863709899 -0.5226930623092246 -13.751536471451416
-0.5271244213957924 0.03187884293126467 0.8491899148456832 67.45083859295784 0.014354175719797075 0.9994875515970938 -0.02861088963550191 -1.030590572363348 -0.849666935229764 -0.0028920851164637162 -0.5273118572401901 -14.24784223703885
-0.5322655340654703 0.031830220696029116 0.8459788456760059 68.33253486595675 0.012627617307127768 0.9994802572871823 -0.029660835896166488 -1.0877953874071458 -0.8464833484100691 -0.005104744815670601 -0.5323908359093754 -14.793343617257829
-0.5359117660363825 0.032249503098931064 0.8436577991778517 69.1283578622997 0.011686623385064241 0.9994577892837664 -0.030781466460462335 -1.1397701593678602 -0.844193095965937 -0.006636641393288383 -0.5359981179951662 -15.293053824274116
-0.5390882171469115 0.03162825321515104 0.8416551657017534 69.9208529380569 0.012352551236340346 0.999484073659523 -0.02964732882074967 -1.1893435596797781 -0.8421587216575819 -0.005585945760240951 -0.5392007811819749 -15.796962368911078
-0.5417239565832856 0.025380150118634294 0.8401731877777616 70.79308504292176 0.013568539921114998 0.9996778717079691 -0.021449842078897552 -1.2384214807351484 -0.8404469468794928 -0.00021997733377933558 -0.5418938622161301 -16.357640582093854
-0.5437799079114096 0.016610773448571314 0.8390634688996358 71.58475169234896 0.01327915849023048 0.9998492101269598 -0.011187874522736199 -1.2807002678812789 -0.8391227809632521 0.005058308807547166 -0.5439185291697952 -16.86660710351475
-0.5456175934354455 0.012245643046843321 0.8379447403442395 72.4455906769295 0.012694335080836106 0.9998992194331348 -0.006346672534907634 -1.3185632928930957 -0.8379380634410108 0.007174289305789752 -0.545718121726795 -17.421377242252834
-0.5466440507608377 0.019472661343093316 0.837138641216721 73.21478089035179 0.013875845033406806 0.9998029797641931 -0.014195600572602872 -1.3519985019503293 -0.8372501435000366 0.0038560563183226556 -0.5468065522154694 -17.921384928751714
-0.5476402602508216 0.02528862364930234 0.8363315998905223 73.9792503363962 0.015456135100379412 0.999678344990881 -0.020106970441591016 -1.3891282416369584 -0.8365710545712903 0.0019150529023521333 -0.5478550160413796 -18.42352438801952
-0.5480879054030006 0.030026238838832067 0.8358815371069379 74.82114540420098 0.021286658365543016 0.9995325168022581 -0.02194718945169436 -1.4305581198838857 -0.8361497534505061 0.005764124989426342 -0.5484708790153615 -18.980693541838157
-0.547841202344678 0.030414012215551962 0.8360292263249968 75.58434393852255 0.024790660783094394 0.9994902527005309 -0.020115528810078546 -1.4744289567780615 -0.8362149384866844 0.0097055917156229 -0.5483159433653573 -19.484945063572916
-0.5473289430293942 0.027739114008435373 0.8364577034793526 76.35226753690283 0.024031577468544493 0.9995593644980021 -0.01742314425741172 -1.5152874985278793 -0.8365724286973192 0.010565199649238794 -0.5477544470900478 -19.983869604829145
-0.5465694361582859 0.02326059117535975 0.837090646515469 77.19696667649872 0.022986143562746544 0.9996542056895398 -0.012769262131753849 -1.553587090190926 -0.8370983014502902 0.01226219219285412 -0.5469151089302365 -20.530926675766274
-0.5458179965530402 0.016865721627970558 0.8377339835218182 77.96711669478441 0.020191149285759394 0.9997718326993466 -0.00697260352165401 -1.5892676240652897 -0.837660476406852 0.013109031719877564 -0.5460340011162039 -21.024819251421288
-0.5452903797047186 0.009852245455705204 0.8381892551398348 78.81347739559227 0.011268601019630144 0.9999267161963468 -0.004422478690002436 -1.6230741516612968 -0.8381713828282967 0.0070336746847081775 -0.5453614966778 -21.554759280287477
-0.543897032459042 0.005793327978504227 0.8391318990954004 79.58108613461769 0.004335431465452899 0.999982162687933 -0.004093753986804151 -1.646651232567619 -0.8391407202436234 0.0014114137552718583 -0.5439124633968008 -22.034193209629787
-0.5420071391231124 0.005400398584857362 0.8403564801256692 80.3420135772958 0.006442074261889113 0.9999766012104093 -0.0022712123010950173 -1.6708345392540775 -0.8403491654344245 0.004182621570292831 -0.5420293348035216 -22.522794917673238
-0.5386478552528412 0.008116491600674817 0.8424918451875792 81.17426646099042 0.010839701481577107 0.9999375808587107 -0.0027029441901591923 -1.6997199150036706 -0.8424612309249707 0.007676414533017848 -0.5387022844119734 -23.058017314781722
-0.5338078632311953 0.01247746663039233 0.8455137130300555 81.93303277146786 0.013173139543516357 0.9998924824098375 -0.006438933454026032 -1.7226202030967341 -0.8455031449390069 0.007700908708070701 -0.533914849706958 -23.536721682108762
-0.5263930976689755 0.015074138394151108 0.8501076306194263 82.69574892818562 0.01871879947235974 0.9998059179910498 -0.00613777718397687 -1.7428478901975963 -0.8500351798768361 0.012682102378535159 -0.5265731693648679 -24.013393361614803
-0.5177486179689887 0.016854468308743924 0.8553667670482986 83.53900360181107 0.025816068214905417 0.999658407686271 -0.004071335897106599 -1.7696024770292507 -0.8551432565221112 0.019974273123977135 -0.518006890055206 -24.53138573054523
-0.5083083641408204 0.01724936952537881 0.8610023787935034 84.31186862639126 0.024529670056564024 0.9996837415640323 -0.005546194332646268 -1.7872432790376587 -0.8608256784210889 0.018300911849074442 -0.5085707536383786 -24.982454212029577
-0.49678260406085945 0.014979901121966697 0.8677457313042419 85.17334051503958 0.022313736612664725 0.9997409955427192 -0.004483977241940515 -1.8054666591761663 -0.8675881215159084 0.017135082740673914 -0.49698821066935234 -25.463874373562273
-0.4856176016109193 0.011502884985852724 0.8740956321179815 85.95790084862885 0.022102711144777007 0.9997552702925095 -0.0008770361405260682 -1.8216800289164938 -0.8738918402922008 0.01889396674471748 -0.4857530078006456 -25.89608281415129
-0.4748169903381312 0.010046483370703935 0.8800271816896593 86.74514476792271 0.021802643382639146 0.9997622067693022 0.000350176699850995 -1.838526453318861 -0.8798144391363766 0.01935317988980449 -0.47492311223678096 -26.315103361584363
-0.46227536652398554 0.009444793650874726 0.8866861053359371 87.61629659153324 0.02267428602400094 0.9997421702522384 0.0011722265172299927 -1.8512415390673704 -0.8864464596679122 0.020646857543738715 -0.46237035142611216 -26.762906181193276
-0.4506724606129486 0.010575037795428548 0.8926266962618908 88.40899315569497 0.02494764087733623 0.9996884722821067 0.0007522375950055783 -1.8679620178102883 -0.8923406288201824 0.022607932499282717 -0.45079592073462726 -27.16225118856845
-0.4389213528466785 0.012618713637935118 0.8984367951466684 89.20422821289199 0.024059272193681213 0.999707877033804 -0.0022871953905948673 -1.891932292387096 -0.8982033218186565 0.0206118290635266 -0.43909675734619535 -27.545445706479004
-0.4264022175030198 0.023961913900901112 0.9042161930571804 90.07470601222415 0.027841595263256084 0.9995230921672569 -0.01335828213175696 -1.9172133783995493 -0.9041051194771864 0.01947881053573435 -0.42686598929417907 -27.95546659315348
-0.4141672842186263 0.029255219111205003 0.9097304618443061 90.87346823259799 0.028216991808100444 0.9994156139079334 -0.019293157869267455 -1.9422507460206577 -0.9097632614311426 0.017679249633241655 -0.414750849391711 -28.3187849100345
-0.4017935447216827 0.024979892545002248 0.9153894688098905 91.76638303387264 0.02631655840613612 0.9995299453480186 -0.015724817649567624 -1.9779821310088335 -0.9153520767381018 0.017771764407683202 -0.40226208912905675 -28.70291247990818
-0.39029053314996315 0.0212246558473357 0.9204470415369235 92.58046621537272 0.025121194837235742 0.9996074978337092 -0.012398074212257698 -2.0108117475937837 -0.9203489367135687 0.018283870218911313 -0.3906705569485772 -29.043263354143576
-0.3806016942748716 0.021847471881386974 0.9244809366403192 93.39103533833926 0.02231301614932813 0.9996467715668749 -0.014437716740012254 -2.0440770279754332 -0.9244698429026924 0.015132926969145657 -0.38095478486336776 -29.370339397863606
-0.3729674066046036 0.025830782079401867 0.9274847864456913 94.28237669464957 0.017832282189148705 0.9996273361865575 -0.020669128493240457 -2.0822422611504896 -0.9276730521289538 0.008830245907050248 -0.37328902972630806 -29.716917595235437
-0.3681658087172905 0.03115497349585692 0.9292379719504832 95.09264498289234 0.012317123707498817 0.9995141404689588 -0.028631096538279173 -2.118502005061537 -0.9296785232203585 0.0009045410510262743 -0.36837067418166386 -30.024561717207217
-0.3647776899557843 0.03303483274258193 0.9305084119470722 95.90586179016313 0.009545404020676246 0.999450577475368 -0.031740434916517624 -2.1599771772912026 -0.9310456765484385 -0.0026961326577130884 -0.36489261925501004 -30.33371189999665
-0.3608303660977451 0.032657859235469634 0.9320594744481306 96.80252772834045 0.007418600900259384 0.9994556328505212 -0.032147344205525966 -2.2094827769512215 -0.932601932542013 -0.004685170910042569 -0.360876239288685 -30.671811079489586
-0.35614005836564966 0.03304161736319381 0.933848215800484 97.61681512384739 0.007864828797159554 0.9994452191675357 -0.032363198657728964 -2.2523952801892158 -0.9343995146403308 -0.004181278816126738 -0.35620239578405655 -30.97740815770528
-0.35015684393073276 0.029593539212859052 0.936223406860896 98.5182085428478 0.005717077365883859 0.999549639496922 -0.029457014574003418 -2.301354050570525 -0.9366735922886218 -0.004962120776162915 -0.3501683755228907 -31.306607632713245
-0.34507730294573263 0.025121815604729134 0.9382379770586128 99.34034358549376 0.004688435109902473 0.999675369067649 -0.02504247218147026 -2.3467650019092794 -0.9385625133624171 -0.004242725708546698 -0.3450830954528927 -31.600245546150692
-0.33951386421597307 0.022553779821650854 0.9403305924068651 100.16133448693016 0.004064333677902488 0.9997382976402898 -0.022511218694395548 -2.39139657570634 -0.9405922334616463 -0.003821059840676256 -0.3395167430380224 -31.887542865988653
-0.3334479926081797 0.02063151704281682 0.9425427196515201 101.0661551865565 -0.004046285239857194 0.9997200208270277 -0.023314564575865768 -2.4367644474104893 -0.9427598657525967 -0.011587996323698082 -0.33327116841238547 -32.185619181068525
-0.32761267253222176 0.020943809456634495 0.9445799142380447 101.88809931034373 -0.011799701391595478 0.9995855917951256 -0.026255978857105962 -2.477964735037996 -0.9447383888640242 -0.019747555600578465 -0.3272298435683249 -32.44879924795359
-0.32110484400541145 0.02375270004726667 0.9467457844558906 102.70646799840998 -0.010904054044475163 0.9995264133050644 -0.0287752120286459 -2.5211819981978736 -0.9469808511906203 -0.019563230519352354 -0.32069378739395726 -32.71643976392123
-0.31351388743766845 0.02791009513791363 0.9491732905592585 103.60583431393103 -0.007904799595004279 0.9994565371452144 -0.031999636192884574 -2.5671341961820167 -0.9495506788295189 -0.01753536046159707 -0.3131228599368045 -33.0095230669869
-0.3071331493374218 0.026471213077370832 0.9512982975528109 104.4317443800765 -0.008731265616793509 0.9994925685979896 -0.03063124560003786 -2.608608839133362 -0.9516265086487721 -0.017713908666427424 -0.3067461987436246 -33.26541557525689
-0.29986849170365554 0.0210583291927417 0.9537480504873632 105.344303715329 -0.009684030866408736 0.9996376152988752 -0.02511631720226748 -2.6576695972045528 -0.953931393705589 -0.0167677249576424 -0.29955585965407777 -33.545114887468635
-0.29303928859261696 0.018005618623004267 0.9559308383861377 106.17716076956219 -0.010967125796674995 0.9996935846275407 -0.022191886539511558 -2.702888515409759 -0.9560374880131212 -0.016986914792024112 -0.29275205694460565 -33.79190468239456
-0.2868092305980479 0.02101142375404924 0.9577572275890577 107.00396416028032 -0.012512279215724752 0.9995919695642568 -0.025676123273594205 -2.742574294202635 -0.957905990527766 -0.019347879841364508 -0.28642930922945414 -34.03087058309539
-0.28012110867845696 0.023826923255884012 0.9596689525172031 107.9168170647209 -0.01258423827279909 0.999514883586396 -0.028489495496646495 -2.7901355576116242 -0.9598822274594391 -0.0200572153284773 -0.2796853675202194 -34.28587319322186
-0.27363782270331644 0.025478039688421352 0.9614953035318796 108.74807130347104 -0.013782779900764434 0.9994425768183631 -0.030406114381817957 -2.8340199920709517 -0.9617340679813604 -0.02157234211793728 -0.2731341493842041 -34.51272259429661
-0.26634436335734407 0.024008265041453085 0.9635788836603171 109.66771208092972 -0.014433701754825468 0.9994783012702244 -0.028892377048045342 -2.883587961023955 -0.9637699438043691 -0.02160333255880203 -0.26585890192947864 -34.75584340456969
-0.2586645134300355 0.024179256841000134 0.9656645808443108 110.50289734426828 -0.011231151858414161 0.9995438339696818 -0.028035962208610283 -2.9276586484046003 -0.9659019861386909 -0.018097437886515175 -0.25827490194347713 -34.97690915047792
-0.25108893851820285 0.024970714876082725 0.9676418280692145 111.3383194487638 -0.007660691557913398 0.9995845950180716 -0.027782868894869812 -2.971164244217988 -0.9679336824644682 -0.01438877974426716 -0.25079338963710185 -35.19418729999899
-0.24400684389883984 0.025351019971559408 0.9694420563162501 112.25948464884263 -0.0061392584994176625 0.9995978218485535 -0.027684844365219497 -3.018143394693011 -0.9697541033635304 -0.01270695268097809 -0.2437530975191075 -35.42028418084052
-0.23763977536998962 0.024546249829023387 0.9710430886126082 113.10006235012455 -0.011652038564732025 0.9995366765818059 -0.028118082287000447 -3.061308937130667 -0.9712834855283798 -0.017996611193947923 -0.2372436815100543 -35.61158542030074
-0.2319937801942326 0.02287507629872556 0.972448271378441 113.94343380817178 -0.015663421835045994 0.99950597872826 -0.027248340073526597 -3.103574328174963 -0.9725911741945871 -0.02155331664629958 -0.2315209222525387 -35.79758976255165
-0.22692717232079093 0.02239033534863375 0.9736542782808356 114.86790923484679 -0.013453924894416158 0.9995682307254118 -0.026121937134622554 -3.1497067216179584 -0.9738187965710413 -0.019027254204658967 -0.22652797252526002 -36.007995193445275
-0.22232991413125333 0.022451690515930756 0.9747129527424265 115.70904416519716 -0.011923288371403686 0.9995974485563756 -0.025744565403772575 -3.191841348996472 -0.9748986420539252 -0.017345572753001946 -0.22197270092042728 -36.19576065676837
-0.2173599072491311 0.02490636035093547 0.9757736607976643 116.63248876026398 -0.010930918432053146 0.9995495740053759 -0.027948176354532648 -3.239757797721205 -0.9760302785606343 -0.016740920567529204 -0.21698978296879584 -36.39685450019127
-0.21170167967893191 0.023397766889994107 0.9770542124179404 117.4763330425068 -0.005411472811052814 0.9996699984419634 -0.025111882845143645 -3.278082796786258 -0.9773193880022112 -0.010603535772210385 -0.2115052270527117 -36.583214658592
-0.20651755026880508 0.02224067148956367 0.9781900396662494 118.31938407969909 0.001626452783245218 0.9997480166426054 -0.0223874522963133 -3.3157659359714655 -0.9784415335781944 -0.003032430996253603 -0.20650173214686468 -36.769261144172596
-0.20125468085577863 0.021088257491111796 0.9793119182326034 119.24690058913475 0.00415888421317199 0.9997776284430342 -0.020674292293085258 -3.361769597146978 -0.9795301695357449 -8.796020735157243e-05 -0.20129760401128025 -36.96027323447408
