1.0 0.0 0.0 0.0 0.0 1.0 0.0 -3.3703774026776627e-34 -4.776726786339545e-54 0.0 1.0 0.0
1.0 0.0 0.0 0.0 0.0 1.0 0.0 -3.3703774026776627e-34 -4.776726786339545e-54 0.0 1.0 0.0
1.0 0.0 0.0 0.0 0.0 1.0 0.0 -3.3703774026776627e-34 -4.776726786339545e-54 0.0 1.0 0.0
1.0 0.0 0.0 0.0 0.0 1.0 0.0 -3.3703774026776627e-34 -4.776726786339545e-54 0.0 1.0 0.0
1.0 0.0 0.0 0.0 0.0 1.0 0.0 -3.3703774026776627e-34 -4.776726786339545e-54 0.0 1.0 0.0
1.0 0.0 0.0 0.0 0.0 1.0 0.0 -3.3703774026776627e-34 -4.776726786339545e-54 0.0 1.0 0.0
1.0 0.0 0.0 0.0 0.0 1.0 0.0 -3.3703774026776627e-34 -4.776726786339545e-54 0.0 1.0 0.0
1.0 0.0 0.0 0.0 0.0 1.0 0.0 -3.3703774026776627e-34 -4.776726786339545e-54 0.0 1.0 0.0
1.0 0.0 0.0 0.0 0.0 1.0 0.0 -3.3703774026776627e-34 -4.776726786339545e-54 0.0 1.0 0.0
1.0 0.0 0.0 0.0 0.0 1.0 0.0 -3.3703774026776627e-34 -4.776726786339545e-54 0.0 1.0 0.0
1.0 0.0 0.0 0.0 0.0 1.0 0.0 -3.3703774026776627e-34 -4.776726786339545e-54 0.0 1.0 0.0
1.0 0.0 0.0 0.0 0.0 1.0 0.0 -3.3703774026776627e-34 -4.776726786339545e-54 0.0 1.0 0.0
1.0 0.0 0.0 0.0 0.0 1.0 0.0 -3.3703774026776627e-34 -4.776726786339545e-54 0.0 1.0 0.0
1.0 0.0 0.0 0.0 0.0 1.0 0.0 -3.3703774026776627e-34 -4.776726786339545e-54 0.0 1.0 0.0
1.0 0.0 0.0 0.0 0.0 1.0 0.0 -3.3703774026776627e-34 -4.776726786339545e-54 0.0 1.0 0.0
0.9999974710027734 -0.0012889579715102033 -0.0018208322025940976 -0.020065781084343204 0.001289014590146507 0.9999992272382001 2.731564790407238e-05 -0.012461999171916767 0.0018207908709421303 -2.9661269387786224e-05 0.9999983296750696 0.8260644912206825
0.9999916501796303 0.0009445965860282006 -0.003971977669317803 -0.041984005159374865 -0.0009535473889105625 0.9999970452637135 -0.0022524529446327378 -0.02812451952455096 0.003969841477729348 0.002256222700393262 0.9999895418360111 1.657895605919089
0.9999829170472796 0.0017542143070077756 -0.00555775409966197 -0.06496931954591209 -0.0017809053575940448 0.9999869266442214 -0.004801905372595876 -0.04364565032535387 0.005549258247652896 0.004811720815421577 0.9999730018294726 2.49725687262708
0.9999547645689041 0.005624190389697198 -0.007664323835759557 -0.0963731254537189 -0.005676317907937179 0.9999608204127219 -0.006796422105769858 -0.062037148065788625 0.007625776763990373 0.006839617446569019 0.9999475586589445 3.43173404048472
0.9999369287102181 0.006754847507326703 -0.008967272943870053 -0.12203596822843825 -0.006813087514187571 0.99995586333837 -0.006480477801318706 -0.07814344483848723 0.008923068482485232 0.006541164086998489 0.999938793925397 4.29184439981757
0.9999238609919185 0.0064597225634900135 -0.010508638361566295 -0.14850986016482595 -0.006510854381901689 0.999967143449748 -0.004838986267865405 -0.09503617611149165 0.010477006916245785 0.004907038012353655 0.9999331042693763 5.160285854726487
0.9999045706520477 0.0066442163575077965 -0.012107489980853956 -0.1742959287051669 -0.006684551225686667 0.9999722795191323 -0.003294125116850488 -0.112382000311885 0.012085246512928569 0.003374745162791107 0.9999212356515541 6.121657710380239
0.9998933300142337 0.006168679961380404 -0.01323532620902433 -0.2013909420439472 -0.006206450103503547 0.9999767714984673 -0.002814443463731138 -0.1267449722988503 0.01321764540778203 0.0028962873692999144 0.9999084312993978 7.001763387711872
0.999866266201197 0.006331242160261965 -0.01507495313310436 -0.22873002631960698 -0.0063849057091887595 0.9999734752679103 -0.003514378059535124 -0.14295131072518086 0.015052280166472174 0.0036101594035179005 0.9998802206274691 7.973463243785417
0.9998593235136805 0.004702302943698539 -0.01609781989523484 -0.25420657277953745 -0.004777916636812235 0.9999778082475834 -0.004662031627583962 -0.15815574420386633 0.016075507449196887 0.004738289865552667 0.9998595612769646 8.859755466510757
0.9998481513250851 0.004371717245306011 -0.01686462394832553 -0.2784910760414709 -0.004426379397029131 0.9999850919123732 -0.0032053323631459863 -0.17232785370043507 0.016850329572786447 0.003279494372526916 0.9998526615159616 9.752680623547228
0.9998394326066636 0.00603146128056779 -0.01686753258518587 -0.30935918878433166 -0.006016272562811455 0.9999814960853686 0.0009508120740179789 -0.19010216058099788 0.01687292606790072 -0.0008491775406180438 0.9998572701648166 10.743220513591039
0.9998483329117681 0.00670644331765 -0.016070147849657285 -0.33515068023346944 -0.00663451972457858 0.9999677567569789 0.004524741884417244 -0.20702278922940898 0.016099945953421842 -0.004417436265443164 0.9998606270176312 11.647970117152639
0.9998760056296928 0.005695376916893592 -0.014679497312333003 -0.3577118659871133 -0.0055921172852840175 0.9999595118902173 0.007065399737354044 -0.21952206118892414 0.014719129861621523 -0.006982428919001358 0.9998672958849569 12.557835686180761
0.999898561671462 0.005458153668862767 -0.01315141820460042 -0.3824343737813532 -0.0053499492218848635 0.9999517160000054 0.00824858646246457 -0.22960982150018766 0.013195784550373579 -0.008177386839956325 0.9998794495456281 13.562332062125089
0.9999111526736675 0.005752168082005009 -0.012020701912705607 -0.40436331953049987 -0.005682523550952371 0.9999669015829417 0.005819821383496017 -0.23859215591993044 0.01205379328063363 -0.005750994098916623 0.9999107647807894 14.476859610161208
0.9999152463106404 0.006910172560592064 -0.011034391626333259 -0.4288713300401222 -0.006907269605446429 0.9999761347597572 0.00030121027122607773 -0.25097526337303966 0.011036231014771001 -0.00022496545278345148 0.9999390579938398 15.488785020643379
0.9999314173319533 0.006311175616160166 -0.009866499869678264 -0.4486722996533777 -0.0063415399522859794 0.9999753146603617 -0.0030493173143737303 -0.26342356924762167 0.00984698447378382 0.0031116779834565143 0.9999466649891454 16.415030276926075
0.9999503767445448 0.003930571515161089 -0.00914744613444154 -0.46654170383054616 -0.003948732489194284 0.9999902877315492 -0.0019683547730806085 -0.2775170111047024 0.009139572194355348 0.0020043783844419676 0.9999562319560581 17.350601313899084
0.9999541720298392 0.001909690675269352 -0.009377940979178948 -0.48685143166219286 -0.0018797914522795103 0.9999931466427587 0.0031956523469684503 -0.2908458684087425 0.009383970278686935 -0.0031778744427076603 0.9999508783788575 18.38799207189441
0.9999461850640888 -0.001344872333874392 -0.010279974625414585 -0.505493030161211 0.001417870237626231 0.9999738513993488 0.007096934923247516 -0.3025749222642272 0.010270143269949399 -0.007111127270454466 0.9999219716482858 19.333552064414086
0.9998964452485396 -0.00890886568701035 -0.011299035874571555 -0.5163512448961343 0.008986655307660288 0.999936216396139 0.0068522928431130475 -0.311062300810665 0.01123726162501171 -0.006953119316761511 0.9999126770335404 20.278959268460298
0.9998446886547064 -0.011923012703217314 -0.0129774262269422 -0.5360049044976612 0.011958418559724448 0.999925026895975 0.0026541934781524642 -0.3193144071957942 0.012944820705578619 -0.0028089694778330996 0.9999122296670522 21.31960685026351
0.9998352787165388 -0.011007663091165012 -0.014429645690679583 -0.561170690711265 0.01098548518591425 0.9999383751226354 -0.0016154187825604272 -0.33121391418658636 0.014446552177129555 0.0014566365479058516 0.9998945724133284 22.270299750062883
0.9998133734764837 -0.010386482100396121 -0.01628731778743962 -0.589509579932515 0.010338849873606391 0.999942114811996 -0.0030063318246494803 -0.35503626318162684 0.016317585921314312 0.002837379448173156 0.9998628815388992 23.245796765360012
0.9997932531238957 -0.010460197051276286 -0.01743579886623256 -0.6244010567121971 0.01044902223211955 0.9999451906211978 -0.0007316933772929272 -0.4054545118218513 0.01744248414283362 0.0005493549138414935 0.9998477327520937 24.36741404757324
0.9998033485560451 -0.007281726651277952 -0.018440354007380394 -0.6599325235958649 0.007325719332827116 0.9999704999304264 0.0023190829067143244 -0.4428089624658925 0.018422890805781477 -0.002453715153182314 0.999827248069266 25.374575807119896
0.9997790703374203 -0.0070311901765860284 -0.019806261016620433 -0.6971878168563472 0.007100165807581099 0.9999690239499166 0.0034141855844346675 -0.4831304079174711 0.019781608238736263 -0.0035540534247628414 0.9997979761378026 26.482271412948556
0.9997645775251209 -0.006256925526967922 -0.020772916628894335 -0.7297353331478568 0.006375335212093984 0.9999638455052562 0.005638772260708738 -0.5096929745675498 0.02073687488140023 -0.005769877790624621 0.9997683152532716 27.478904176328378
0.9997588672385187 -0.006918647826406118 -0.02083937813506789 -0.7631004698158699 0.007115592223559268 0.9999306735077653 0.009391147823867046 -0.5363658862677598 0.020772927620881763 -0.009537164849202646 0.9997387520589194 28.480446614130194
0.999772351569553 -0.0008070778583828073 -0.02131885964214579 -0.809545797812838 0.001045297588866628 0.9999372168153852 0.011165142094074848 -0.5548888841734136 0.02130847876903981 -0.011184881209600228 0.9997103650627692 29.56669076442381
0.9997743810457533 -0.0003440065801407037 -0.021236631061894384 -0.8480735183584808 0.0005876270272193061 0.9999341677709888 0.011466504046769268 -0.5718891044744543 0.02123129230123411 -0.011476391755547405 0.9997086966137699 30.55483542163961
0.9997709418499596 -0.0006587937652992098 -0.021389297716305475 -0.882612893330305 0.0008682574667122443 0.9999517723001172 0.00978494647643824 -0.5838808180773087 0.02138178430080636 -0.009801271575715604 0.9997232985066234 31.531274244133428
0.9997743454328307 0.001818073199742927 -0.021162649248802574 -0.9263067649567951 -0.0016731661171284756 0.9999751449292106 0.006862788516770502 -0.6023670867437393 0.02117456361669867 -0.006825829116688649 0.9997525228594544 32.600669034115384
0.9997543479084758 0.001676082091807687 -0.022096888166735735 -0.9599154294517608 -0.0015276118484475742 0.9999762205108988 0.006734113081816132 -0.6226690535219179 0.02210765358276493 -0.006698700309556154 0.9997331625018202 33.56717672513657
0.9997263354592306 -0.00035143192969672166 -0.023388068462143273 -0.9911506374114356 0.0005444931817072821 0.9999658508331277 0.008248857368715305 -0.6397966419255736 0.023384340196430053 -0.008259332802381539 0.9996924336706337 34.532989354275166
0.9997044831840408 -0.00013361649186110006 -0.024306806580477614 -1.031476388257899 0.00035920616188224886 0.9999569217846502 0.009276710113603443 -0.6611880566635802 0.024304518388085283 -0.009282697109704122 0.9996614708861155 35.590629523092716
0.9996949727250457 0.002649648635364818 -0.024554014142946366 -1.0730025999826212 -0.002472298891160767 0.9999707491079248 0.007250323872738098 -0.679540845687967 0.02457250327861922 -0.007187405603263806 0.9996722405650676 36.543203495036714
0.9996735697606803 0.003245846291904437 -0.025342160924757055 -1.1174313397912543 -0.003204618559387997 0.9999935288662709 0.0016672902653149376 -0.698079514651925 0.025347402618875487 -0.0015855334419233912 0.9996774815477116 37.58444499098303
0.9996606363277466 0.00366208021857065 -0.025791522833510865 -1.1538968212714535 -0.0036397733927728175 0.9999929832499548 0.0009118802732130298 -0.71321460259255 0.025794665679501484 -0.0008176961449920784 0.99966695013121 38.530861502844544
0.9996545135307148 0.003277669923662174 -0.026077429575630768 -1.1884960867276293 -0.003172768935581742 0.9999867317391546 0.004063046462800724 -0.734667157468191 0.026090372864596024 -0.003978904287884365 0.9996516824481135 39.47907383244268
0.9996512254186904 0.0003575326112966442 -0.026406276376743466 -1.2254566805013847 -0.00016524475004160016 0.9999734921367659 0.007283781191966723 -0.7522763697237115 0.02640820288367154 -0.007276875305175499 0.9996247288958535 40.51635004133199
0.9996434896804165 -0.000829518010206253 -0.026683328208215774 -1.2601998638447356 0.0010466845691260787 0.9999664753342877 0.008125547143619561 -0.7673031772796071 0.02667567121695647 -0.00815057720897772 0.9996109184244799 41.45396702995939
0.9996324453993473 -0.003758555494143982 -0.02684652339182196 -1.2924521895546468 0.003956070105131943 0.9999655042036176 0.007307696005454796 -0.7798216492926844 0.026818109468943033 -0.007411214254496774 0.9996128817151813 42.386287523309534
0.9995968608486044 -0.007303793626865676 -0.027434477679259436 -1.323427650058923 0.007456530526215727 0.9999573046993243 0.005469000556562128 -0.7931995883216142 0.027393360031610664 -0.005671359206298495 0.9996086116751071 43.40873345927094
0.9995527413175088 -0.008706308813501037 -0.028608979929626462 -1.356424328732562 0.00888983018300746 0.999940677129126 0.00629393103328618 -0.8048703233683897 0.028552464394200505 -0.006545443385768265 0.9995708890160208 44.336597346795365
0.9994872739662743 -0.01174720825100217 -0.02978378781089222 -1.391186447351328 0.012076210086734407 0.9998677492911324 0.010890648305030849 -0.8141388709495143 0.029651890801338274 -0.011244736580682348 0.9994969927279062 45.35799928431991
0.9994509034277553 -0.013405494502498432 -0.030298631364306067 -1.4292351018165308 0.01390118096741499 0.999772017565765 0.016208929455485074 -0.817220859039816 0.03007441591609098 -0.01662121009402561 0.9994093844909676 46.28525226083483
0.9994534335909656 -0.011958852300156907 -0.03081652460713713 -1.4723925485975693 0.012525787880007326 0.9997546626930197 0.01827011579272873 -0.8210506172246325 0.0305904370565793 -0.01864612764816731 0.9993580711628403 47.20555744106197
0.9994216795822451 -0.01031346779847329 -0.032400893954040125 -1.51509732707836 0.010824355457954888 0.999819276033574 0.015632010996746402 -0.8286891680395638 0.032233830865656884 -0.015973686331371393 0.9993526893630204 48.20473972824709
0.9993879941462331 -0.008957372326490595 -0.03381099036734909 -1.549417545127201 0.009213948910973675 0.9999298451421605 0.0074402718171914795 -0.8370085645964277 0.03374195025774634 -0.007747247200164354 0.9994005095003997 49.097493036928356
0.9993593648544061 -0.00818255363248919 -0.03483914958374457 -1.582642966030954 0.00824704714133905 0.9999645473203044 0.0017078327114396765 -0.8494907060261503 0.034823927190571945 -0.0019940572891905283 0.9993914602226041 49.98274226318981
0.9993413597739436 -0.0027612223929925784 -0.03618281131574668 -1.6314342957096453 0.002855797166652324 0.999992659179702 0.0025623699171444967 -0.8650084681855094 0.0361754443536349 -0.0026640106625635098 0.9993418866156338 50.951471932251096
0.9993152924200484 0.0003368698014630184 -0.03699706545983041 -1.6715309678535994 -0.00013816338694955504 0.9999856082288595 0.00537327189875687 -0.8839898120076711 0.036998365499062415 -0.005364479982344125 0.999300954475016 51.81995842754812
0.9992610951010706 0.0030813058772756947 -0.03830975322205449 -1.7129828527000612 -0.0028080656514654287 0.9999703186489867 0.007184023129449884 -0.9027614551062821 0.03833071882322765 -0.007071135215039583 0.999240078653185 52.67441063498957
0.9992093642371448 0.003223124987026175 -0.03962622454436179 -1.7556745686875461 -0.0029770235522522774 0.9999759361087617 0.006268092192401584 -0.9182891836883669 0.039645460222048255 -0.006145166819819681 0.9991948870904034 53.59744351222868
0.999140056170631 0.004643988259326587 -0.041202042948107746 -1.7975802394218647 -0.004354111784133463 0.9999651952750235 0.0071224172462675435 -0.9317525583808439 0.04123368613060074 -0.006936889758503243 0.9991254193131349 54.42491027398693
0.9990664033823913 0.00599402960026235 -0.04278213092918373 -1.8433016078395945 -0.0056643213009584335 0.9999534057693862 0.007823728788948922 -0.9486895097875101 0.04282701649348306 -0.007574089700278918 0.9990537939169212 55.32082276750135
0.9989998816321349 0.005755736889768512 -0.044340450088961085 -1.8831978906662725 -0.0053707724639499395 0.9999469337162912 0.008796253003362562 -0.9625585360105173 0.04438870156993555 -0.008549310583254777 0.99897778302823 56.12283234420301
0.9989395483454012 0.005266376545653724 -0.045738687657221715 -1.9226295336964772 -0.004839226239537028 0.9999437699021482 0.00944454913967009 -0.9741075459388218 0.04578582170093842 -0.0092131909334925 0.9989088533047258 56.912785398560835
0.9988564712361213 0.0076624532890544 -0.04718977672210766 -1.970089416541659 -0.007109321799475109 0.9999041740371725 0.011878147560996173 -0.9865361019233962 0.0472762741884949 -0.011529074408834949 0.9988152693374858 57.768344168168824
0.998791325560878 0.009338929640694868 -0.048256439265386794 -2.0142274967473806 -0.008556814693311052 0.999829081499053 0.016388753077644837 -0.9952558001538312 0.04840125690925754 -0.015956016331045673 0.9987004758982553 58.536025773193344
0.998678482009452 0.011696421792577013 -0.05004405047213058 -2.05338268862419 -0.010793845866342026 0.9997749177402655 0.018267998389635578 -1.0082984392691516 0.05024641283986317 -0.017703685455922484 0.9985799442223113 59.28706717073582
0.9985490528368931 0.01497173761845691 -0.0517264454570485 -2.103492822175344 -0.014225810050685054 0.9997898789233827 0.014758906675093235 -1.024038176656468 0.051936511388686685 -0.014001638706120192 0.9985522052406054 60.087527061182726
0.9984701707841963 0.015709139206494634 -0.05301461396435901 -2.1458355036277923 -0.015334606732651957 0.9998546279125209 0.007464088644444681 -1.039591195863175 0.05312414484541092 -0.006639709112683254 0.9985658645177576 60.79338306115619
0.9983935490411205 0.014704649659716275 -0.054717683452653716 -2.1918628032030916 -0.014641456619014177 0.999891624610133 0.0015556451045115683 -1.0524740832702923 0.05473463903271342 -0.0007519980945367901 0.9985006174920884 61.55113067027839
0.9983592209904115 0.01547414080201628 -0.055130068640269016 -2.2351104896463077 -0.015523804359948415 0.9998794244725073 -0.0004727093846015057 -1.0675370944175238 0.055116052023322724 0.0013277644130530258 0.9984790322079875 62.22305686620829
0.9982834015093408 0.017772571862618568 -0.0558063518560596 -2.2800004678028776 -0.017641702381499317 0.9998403681610488 0.0028368953975515493 -1.0868141297775566 0.05584784381101016 -0.001847503708777429 0.9984375296041876 62.878244042296764
0.9981900989803466 0.018849668624355193 -0.057106443770639226 -2.32485105907075 -0.018520974671976078 0.9998088229288687 0.006279657115479567 -1.1134973275232525 0.05721387409394645 -0.005210622677890057 0.9983483716222891 63.575278815386724
0.9981638073753867 0.015891278961887544 -0.05844948304733062 -2.359378385962056 -0.015728439496979385 0.9998710572607014 0.0032450118296313436 -1.1334465179586874 0.058493489294420206 -0.0023197309854884416 0.9982850200521249 64.18461881178195
0.998246288953577 0.008290660499713939 -0.058613647253369504 -2.3860918809375584 -0.00839101021950079 0.9999637916095728 -0.0014661804945157273 -1.1517437147845593 0.05859932796738163 0.0019554372743511225 0.998279690532919 64.77692018093687
0.9983236485451972 0.003744698251144614 -0.05775691421696438 -2.4188875261376137 -0.00418038627399684 0.9999637076335202 -0.007424487401380006 -1.174895623782989 0.057727023332744896 0.007653486600782159 0.9983030777041115 65.40920826210106
0.9984767988642608 0.005339213089491053 -0.054912113230981566 -2.453727260707398 -0.0057851885956768856 0.9999515388985928 -0.007965889198269977 -1.1943114127172572 0.054866889014567564 0.008271431283149609 0.9984594091531521 65.97176094816464
0.9986312228146405 0.01095820713805436 -0.05114226345235905 -2.4898819139780994 -0.011223038715687866 0.9999251274010342 -0.004894098134972692 -1.2143241383036096 0.05108479791390382 0.005461371514144673 0.9986793912752683 66.52169465065955
0.9988796911425811 0.0096827766356509 -0.04631897169710338 -2.5159526007720445 -0.009767490494385429 0.9999510773174558 -0.001603034758122726 -1.2327382915794498 0.04630115480325646 0.002053660816534948 0.9989253977892728 67.11201773575195
0.9991336625484579 0.005235716568653962 -0.04128477300183675 -2.5256939416750086 -0.005149769222170344 0.9999843712718463 0.002187854764920395 -1.2506424810486299 0.04129559652989146 -0.001973350728979454 0.9991450304451972 67.63635444889118
0.9994572214119285 0.0008412474498345176 -0.03293039525132773 -2.5342410542371656 -0.0006225593100527092 0.9999777418944444 0.006650632341100292 -1.270637300027666 0.0329352514319351 -0.006626518822113873 0.9994355260671854 68.1993978290757
0.999733213340618 0.003574183013725237 -0.022820111116649503 -2.543815414877031 -0.0034388274622584843 0.9999763527675456 0.005967921268098966 -1.285123873492728 0.022840895914625663 -0.005887849962759234 0.99972177097449 68.69349027411725
0.9999228452242003 0.00895583663697278 -0.008605247128048856 -2.5560533315319933 -0.008908119790640535 0.9999448206996338 0.005567946382336923 -1.2984434037851535 0.008654622903022413 -0.005490859792464527 0.9999474925447214 69.175793229268
0.999845081395949 0.014194566452649224 0.010404676168569025 -2.5547988201183043 -0.014258809426937928 0.9998795640228273 0.006126441083239972 -1.3114559440334235 -0.010316472425714334 -0.00627384957016169 0.9999271248134364 69.69361176519871
0.9994329422693324 0.012816506502371334 0.03113650667629268 -2.530001520684221 -0.013024512873214935 0.9998941459523685 0.006486787786385782 -1.3208972289677154 -0.03105007177702787 -0.0068886465631000995 0.9994940917829531 70.14947624559592
0.9982685165976227 0.00892948554664628 0.05813909554778719 -2.4840417205785257 -0.009380222432356698 0.9999280545735145 0.00748447854454077 -1.3333572008533388 -0.058068113470134464 -0.008016873038661115 0.9982804118672735 70.63625111748064
0.9962675232652141 0.007479483272359881 0.08599443509535407 -2.4288814269577057 -0.008280498900925587 0.9999256405140077 0.008961839435767172 -1.343821352966826 -0.08592101783505006 -0.00964046272598355 0.9962553426826156 71.06933258579488
0.9931041365238569 0.006919305063335864 0.11703112207734921 -2.3610804161353056 -0.008194761339570516 0.9999121982630688 0.01042079558759412 -1.3534947333492862 -0.11694875286592049 -0.011307974048391905 0.9930736062235371 71.49530025275911
0.9878198781786179 0.006575066614886729 0.1554621529310322 -2.2666782298024715 -0.00841632407602633 0.999901970020708 0.011188509749006818 -1.3624558108712734 -0.15537331023948955 -0.012360649324177237 0.9877784426266821 71.95295117697997
0.9808957383331001 0.006575909914301785 0.19442262880539188 -2.1636070239357563 -0.008891793814711465 0.9998995335895845 0.011041279187784997 -1.3687629620537254 -0.1943304914248484 -0.012559108769177412 0.980855683702139 72.35907003320312
0.9715981642106174 0.006050041292180919 0.23655936884127285 -2.0398778619995275 -0.008915233351893226 0.9998993259349355 0.011044137054896003 -1.377081725881699 -0.2364686927325251 -0.01283944138193949 0.9715542686051363 72.75231854235156
0.9580527960113748 0.00806446754866602 0.2864782293726581 -1.8829830527801739 -0.011166603990506925 0.9998954120129261 0.009196411227594702 -1.3896332553771915 -0.28637405280824435 -0.012009635000549149 0.9580426058990714 73.1675164907804
0.941956468203929 0.00882874214430993 0.33561878032904713 -1.7176995947777083 -0.011672265466141278 0.9999111039337171 0.006456169765216441 -1.4006075033065075 -0.3355318732490331 -0.009998861043044985 0.941975765336978 73.52592926315737
0.9197705737578897 0.008801375581275809 0.3923577378469005 -1.5126723025179707 -0.01139292619213411 0.9999259273511241 0.004277099505745145 -1.4084619732208832 -0.3922910064292942 -0.008404054852826012 0.9198027589976794 73.90145666347617
0.8953811508534054 0.009254709101663882 0.4452042728725666 -1.3051212290901737 -0.01152330271393359 0.99993078528717 0.002389198396708898 -1.4128570523256916 -0.4451512956719552 -0.0072694652150678205 0.8954258004644038 74.22238586149064
0.8667916951587861 0.009493393384674967 0.49858002046981237 -1.0794351530315436 -0.011033215748524583 0.9999391586188119 0.00014177022779920424 -1.4169493856698854 -0.4985483012869353 -0.005623828610756063 0.8668436835267721 74.52381496379681
0.830825339142687 0.007591517434857486 0.5564814115469107 -0.8084392336392442 -0.007745964947006981 0.999967896513651 -0.002076851543947842 -1.423755329811085 -0.5564792324670458 -0.002584984084638786 0.8308574208233076 74.83011421884575
0.7949004452989468 0.007045692697436868 0.6066989609617968 -0.5479546339260125 -0.006513380464211595 0.9999740575164926 -0.0030789942910105094 -1.433936826077397 -0.6067048976057311 -0.0015041694920192496 0.7949257022246626 75.08897796615611
0.7521563302570311 0.005095301216134195 0.6589649559284824 -0.24505260848718735 -0.005179782235451878 0.9999849231616322 -0.0018198514612595407 -1.4437149183656257 -0.65896421135482 -0.0020444838499087616 0.7521714229009683 75.35579977285511
0.7107430770292462 0.004296918420986141 0.7034386577476343 0.04822721279399283 -0.006364263452015402 0.999979717818537 0.0003220196941202814 -1.4485282113226365 -0.7034228605038236 -0.004705744249235117 0.7107560357215559 75.58108377583835
0.6672546074589045 0.0029776222707353075 0.7448237449883371 0.35279940467879084 -0.0056418541191378905 0.99998355444647 0.0010565982680263773 -1.452283034009529 -0.7448081453503544 -0.00490720804713222 0.6672604768873984 75.7861196420038
0.6180319090536825 0.001522056015396441 0.786151536696855 0.70384150766973 -0.002202082891005725 0.9999975589014679 -0.00020491800744687434 -1.4561728513024583 -0.7861498487417523 -0.0016045266900389225 0.6180337381186625 75.98492340457805
0.5731563081889884 -0.0014589335044818347 0.8194447660865131 1.031445249279487 0.0039667043909092925 0.9999916426955263 -0.000994113986905257 -1.4609189700196519 -0.8194363424436766 0.00382027495590999 0.5731573245751975 76.14398963874721
0.5239105762063557 0.00010195285616632164 0.8517732919975882 1.3945644657432845 0.0025729891893218546 0.9999952416916266 -0.0017022977968090358 -1.469074673358346 -0.8517692360665001 0.003083451116636075 0.523907866081503 76.30748098233289
0.4786225208032818 0.002798156518425406 0.8780163442641662 1.7322934574167277 -0.0017600007834649666 0.9999960223622045 -0.002227490334100095 -1.4749777830694109 -0.8780189357503296 -0.00047918567579664827 0.4786255185820912 76.44588362286143
0.4352038025755454 0.00454047014900672 0.9003205110686813 2.078146153283286 -0.002824708055429821 0.9999892492886281 -0.0036776907531883398 -1.4805913840323812 -0.9003274062045812 -0.000942599675336457 0.43521195754675684 76.56781677544706
0.39073875164382404 0.002489957445695224 0.9204983124292144 2.46516157454641 0.00423169981612285 0.9999809878367355 -0.004501262216624837 -1.4854145641687593 -0.9204917825802654 0.005654085819205363 0.3907207911685611 76.67459349783513
0.3532537328688995 -0.005067615817216921 0.9355139123166276 2.832102468351039 0.019225341803817894 0.9998135581691984 -0.0018436458632231118 -1.4848729832018481 -0.9353299326240142 0.01863684346585601 0.3532852757446716 76.74988534759024
0.3194289628078085 -0.008728495471365852 0.9475700894632028 3.1965760895287882 0.024704087563764028 0.9996944920499693 0.0008808073167178011 -1.4868017263441238 -0.9472880652679121 0.023127492113640517 0.31954700057089624 76.82486580435857
0.28488835784347494 -0.0050532444637585265 0.9585474258118089 3.597188399373204 0.022293831743424943 0.9997505549659803 -0.0013554590768021981 -1.4931006033837302 -0.9583013979125697 0.02175584317500173 0.28492992348563184 76.91555193564139
0.2551828307926233 0.0021497192021960668 0.9668905063991023 3.9622140679109927 0.011121013729886707 0.9999248872988565 -0.00515824241257927 -1.507037759354063 -0.96682875359167 0.012069091896342253 0.2551397668342532 77.00210869371173
0.22768811943923045 0.006452992842204975 0.973712757530053 4.334449190309203 0.005305440280370098 0.9999549970272027 -0.007867507366147164 -1.5234247414193058 -0.9737195894927205 0.0069573090552681235 0.22764361607422323 77.07368265812599
0.20077317730565136 0.00844551758317455 0.9796014177213728 4.7596454025227475 0.006594577278802383 0.9999285735807989 -0.009972355485377036 -1.5362440543553855 -0.9796154826702552 0.008462234169064449 0.20070313104300133 77.13372179925217
0.17818960393873134 0.009254112341334064 0.983952729714854 5.155529757358783 0.012797185912978978 0.9998494731828896 -0.011721143066824402 -1.544440637659017 -0.9839128623482651 0.014680406387902016 0.17804432828908445 77.17225851407493
0.15899499713613569 0.015188055424198647 0.9871626353326195 5.5631497214866155 0.021389589146417684 0.9995940580903931 -0.01882439028480075 -1.5391048877890432 -0.9870476410481711 0.02410797992045966 0.15860557133131062 77.20059325127473
0.13839481589687955 0.02361037224537043 0.9900957420631016 6.019007613855151 0.02382971366516275 0.9993470100919513 -0.02716189292365382 -1.5361319838022387 -0.9900903515146275 0.027352752136304566 0.13774179596257033 77.23848179405155
0.12133883624518253 0.024878390439901275 0.9922993693496637 6.451665333374626 0.02145330461159709 0.9993866345792655 -0.027679410673804753 -1.5455867918519575 -0.99237913953964 0.024646680379325908 0.12073073411195084 77.27711138718543
0.10634269653605329 0.019949629852216624 0.9941294055713671 6.901674824743191 0.018737316124594963 0.9995809810519536 -0.022063380030941618 -1.5635029484287457 -0.9941529146824274 0.02097359024293761 0.10592431113015463 77.31132064715567
0.09075773228348559 0.016041185384242335 0.9957438954686846 7.406636565826897 0.018947614840171607 0.9996615526655779 -0.017831296651400052 -1.5832701494714518 -0.9956927397559884 0.020485291240958096 0.0904230408011734 77.33521773418816
0.07776135768007193 0.013869913689978464 0.9968755314376959 7.876577379229844 0.021226694952260712 0.9996535290840195 -0.015564361700431769 -1.598471907491044 -0.9967458743044822 0.02237067144891588 0.07744000944476188 77.34810621016
0.06521626541992896 0.012936446314951399 0.9977873321079614 8.406065688637097 0.025359102952875003 0.9995715768851201 -0.01461707903787939 -1.6114066481216829 -0.9975488079960056 0.026256254759253847 0.06486025223804183 77.35438347558207
0.05525112530367334 0.013612852136408247 0.998379771852716 8.902871276592528 0.028574575726403047 0.9994760064487875 -0.015209147096317559 -1.6241838927676122 -0.9980634612516316 0.029368589685312446 0.05483319797539485 77.35708195174273
0.047049979348106945 0.014285786581721464 0.9987904059494437 9.41423783304055 0.030727708751739174 0.9994038508407239 -0.01574205770062974 -1.6377902701848646 -0.9984197236253336 0.03143119534057662 0.04658297042318512 77.35907358226112
0.04066802045330745 0.014604341287476303 0.9990660526121673 9.994528931650033 0.03261290172900087 0.9993410753568998 -0.01593590984747186 -1.6514631579222754 -0.9986402660300823 0.03323051673514697 0.04016490015237339 77.36009679368719
0.03507088532038703 0.01575408383358671 0.9992606778788622 10.539406759130618 0.0340552147928728 0.9992762838314417 -0.01694956465009462 -1.662092122118155 -0.9988043222853555 0.03462446422131549 0.03450898176848435 77.36066625826845
0.028949725506023313 0.01673113891023033 0.9994408968550986 11.101058002150447 0.034375019434004284 0.9992518905977407 -0.017723686328659876 -1.6716261031934585 -0.99898951440178 0.03486888583733204 0.028352936636074536 77.36032321143587
0.024028373288361476 0.01676571898965143 0.9995706939971303 11.741785559605542 0.0369412348400906 0.999161645634798 -0.01764688271015056 -1.6848429176288462 -0.9990284225250201 0.03734939329951934 0.023388861725550537 77.35652062043516
0.020689432050168575 0.016624486618416225 0.9996477815664113 12.339425582957249 0.03859265673249929 0.9991033069689189 -0.017414182105073013 -1.696084862601778 -0.9990406921989451 0.03893934387497606 0.02002929668775895 77.34532008780656
0.017323506820875197 0.016298207199963756 0.9997171370679552 12.955221524036357 0.039616075803416334 0.999070796547908 -0.016974163180842522 -1.7090311800887927 -0.9990646514368001 0.039898913175939556 0.016661745773781603 77.33643425079669
0.013956796358602362 0.015697422032348238 0.9997794033279637 13.650916335533656 0.04128533554660571 0.999015104487123 -0.016261764960239723 -1.72257875149359 -0.9990498617126183 0.04150317685769545 0.013294938114457764 77.31958642602207
0.012711087765474229 0.015481342721973358 0.999799384759537 14.29904507296273 0.045784778836132245 0.9988224552787844 -0.01604831400364427 -1.7349420047267654 -0.998870392001472 0.045979573288718795 0.011987302205505033 77.30288673245836
0.01296835645521814 0.015222733798093902 0.999800044103067 15.028914886575572 0.049930344208106596 0.9986268639652673 -0.0158525231704725 -1.7473937053253386 -0.9986684142508946 0.05012593112749665 0.012190432713470537 77.28096629439737
0.01473362717454315 0.015114068755104976 0.9997772673116595 15.711169082410198 0.05172778307255216 0.9985353464193522 -0.015857609120637293 -1.7600808340444691 -0.9985524474171052 0.05194988529030702 0.013930232963845591 77.26828115504274
0.01782437705412653 0.01541865047636803 0.9997222829778352 16.40846897971412 0.054122764172724866 0.9984002251644545 -0.016363240508824373 -1.7740539583703019 -0.9983750778826764 0.05439938470578136 0.016961346418667367 77.25919307419669
0.021796278071001762 0.015226359503427227 0.9996465294180514 17.194090016305772 0.05498749307980991 0.9983523116664432 -0.016405597043791572 -1.7902566291758388 -0.998249038231072 0.05532562211864927 0.02092308842206381 77.25165368680163
0.02543280134206943 0.013446626274615492 0.9995861616185449 17.925415309637604 0.05637782669341409 0.9982989296921713 -0.014863757092221246 -1.8091289268303048 -0.9980854336670321 0.05673250815959074 0.02463143754184826 77.2537863912423
0.029151322470214337 0.012015118585849305 0.9995028515324564 18.669801652714806 0.05642667358435659 0.9983135202768757 -0.01364655830056512 -1.8287532125632686 -0.9979810374917056 0.05679642178777595 0.028424167334856698 77.26008700635566
0.033350763873023305 0.0096576653608625 0.9993970862172861 19.505876437094834 0.05355618354535198 0.9984994340410518 -0.011436209148280077 -1.8481847864882917 -0.9980076621284287 0.05390528614960928 0.03278345539192676 77.27678509285727
0.03717939636146437 0.008540768500868724 0.9992721567271524 20.2726187777186 0.05260403028660305 0.9985603941365931 -0.010491901857939141 -1.8651886943671643 -0.9979230094711957 0.05295581205189386 0.03667658722157132 77.293560378763
0.041381949853128465 0.009466394798563205 0.9990986085027086 21.12419836730637 0.049979403947820425 0.9986837215337357 -0.011532579314289143 -1.8870248054728032 -0.9978924952116907 0.05041158269568332 0.04085430986757107 77.31810993634494
0.04459387590291951 0.012698126565418738 0.9989245727759125 21.900714112975965 0.04795708573709102 0.9987392356299114 -0.014836674287280194 -1.9102964233314306 -0.9978532999604085 0.048567119240506655 0.04392869982066771 77.34368768321843
0.045850950605121246 0.018668136156823393 0.9987739007804544 22.680871532534276 0.0424926466232351 0.9988840116294666 -0.02062092280098554 -1.9344961135303902 -0.9980440329947041 0.04338602695472064 0.045006506989244015 77.37417287639484
0.04546968069594251 0.021732204044846007 0.9987293246700693 23.544897737838838 0.03972869205546842 0.998933084948094 -0.023545394568697926 -1.9605388013140608 -0.9981752892550444 0.04074880175439319 0.04455777034240817 77.4019892879985
0.04550086777385925 0.02174735315415067 0.9987275686964268 24.334170082417113 0.03738869533415068 0.9990254711724041 -0.023457233719078614 -1.99164224916651 -0.9982642069106095 0.038408437124806544 0.04464344453124711 77.42747526365852
0.04527621393350456 0.019051334976931563 0.998792878677029 25.125269927657808 0.03454260895859763 0.9991904256045394 -0.020624775512921197 -2.0254288545209165 -0.9983770466020512 0.03543471364058005 0.04458146604122385 77.453875842455
0.045120483113836984 0.018415037755517442 0.9988118178209258 25.992741430666563 0.035402799327273374 0.9991725959850147 -0.02002098624804607 -2.060128967099534 -0.9983539105606788 0.03626408100154017 0.0444312128095989 77.477080172925
0.0452395557142661 0.017264882241562352 0.9988270035763286 26.782272117760343 0.033188117489391294 0.9992728111190384 -0.018775772628428153 -2.092378963070314 -0.9984246099678071 0.03399858602169081 0.04463365497625554 77.49920632774099
0.044870298151666425 0.01722041708193076 0.9988444521798924 27.56938939639327 0.03159349928475216 0.9993268559292855 -0.018647992143830013 -2.1279957748614144 -0.9984929951206346 0.032393725155965 0.04429600139090268 77.51882004544079
0.04488667098542086 0.01805708664345978 0.9988289468605621 28.433396185680024 0.028895312922895443 0.99939488061762 -0.019365861636720244 -2.163292079035281 -0.9985739795511618 0.029730734736688098 0.0443377554396379 77.54506008882744
0.04359398575354955 0.019217343230575917 0.9988645583494105 29.215553845302665 0.026004647008914458 0.9994544719238546 -0.020363633662739154 -2.19480976125553 -0.9987107415755647 0.026862843726791038 0.043070435118276094 77.56776523125264
0.040574870911826356 0.01916790792487656 0.9989926311258439 30.076955197222112 0.022968677058361676 0.9995339072070261 -0.020111189439540926 -2.22974413800426 -0.9989123884522049 0.023761541657087444 0.04011566696996 77.59234616669033
0.036715053657485015 0.017824212407593534 0.9991668456873951 30.859363924960938 0.02042699053783136 0.9996186777121847 -0.01858288388588384 -2.261503554096411 -0.9991168584326695 0.02109223693093366 0.036336956151655844 77.61010324007957
0.03192754674811138 0.015343138062991132 0.9993724423695489 31.642999862450967 0.018395928179478355 0.9997038198943997 -0.015935938161001056 -2.294118959826033 -0.9993207468332946 0.01889317345009902 0.03163588316929258 77.62489867261903
0.02515668860032588 0.012835090272593747 0.9996011270120162 32.50495671973104 0.016189167238154306 0.9997812655013488 -0.013244836214248401 -2.3282334688197435 -0.9995523159124309 0.0165159016345802 0.024943406995884588 77.63287341405082
0.01789455655959194 0.012800049127723812 0.9997579949755725 33.282547052889925 0.015637645806271045 0.9997921826480795 -0.013080390697641563 -2.357855384704461 -0.9997174809645567 0.01586792307176421 0.017690669038612706 77.6308968225905
0.00942340111045139 0.013790764582706522 0.9998605318712576 34.055821252193205 0.015028591822735094 0.9997900265295158 -0.01393144072380421 -2.3855914579026285 -0.999842553348894 0.015157771764081365 0.009214203887097032 77.62249981188671
-0.0012836855733785986 0.014603958543374013 0.9998925513109962 34.904722050639734 0.015589338530199158 0.9997721993524071 -0.014582191524013704 -2.415237794612147 -0.9998775517087648 0.015568939678426508 -0.001511059926535646 77.60014340460583
-0.011166333310873544 0.013788333053246737 0.9998426366931187 35.6730115858292 0.01667652516674608 0.9997684984012779 -0.013601070491979618 -2.4429739617845354 -0.9997985424451936 0.016522021556560833 -0.011393721853282208 77.57272346986383
-0.022693145957336194 0.012205082691095145 0.9996679890130032 36.513971635040306 0.015650068253412502 0.9998073126935864 -0.011851522191725547 -2.473420828891272 -0.9996198764362246 0.0153759186545677 -0.02287978593260411 77.53610525892435
-0.03346739504690855 0.01158977688346224 0.9993726368187366 37.275486446883065 0.01691653837582284 0.9997961110895314 -0.011028185804324271 -2.496962118500143 -0.9992964989841487 0.01653683627663962 -0.03365664460719163 77.49095348861805
-0.04421108897851442 0.01159555588721257 0.9989549438182361 38.03251623471755 0.01724939182292856 0.999792476498384 -0.010841870875139005 -2.5207538856839182 -0.9988731873490604 0.01675202949081381 -0.044401940526144705 77.43777295356948
-0.05599186474211544 0.012289797540196275 0.998355597915308 38.85782126633792 0.017380089310315282 0.9997847435811323 -0.011332649653478266 -2.5478108446544083 -0.9982798540166442 0.016716967486541563 -0.05619344787093698 77.37234548666171
-0.06636971838104284 0.013365711940014482 0.9977056245554224 39.60326250739805 0.017061501685849485 0.9997793671696749 -0.012258525376248056 -2.571679353726647 -0.9976491225285815 0.016208755888114677 -0.06658316161775876 77.30516023848485
-0.07635084422647674 0.014391179438443796 0.9969771935822892 40.34159653269071 0.017800570030138907 0.9997561679495506 -0.013068091607950501 -2.594814279708865 -0.9969219445114563 0.01674899798856461 -0.07658841930130468 77.2304470600771
