1.0 0.0 -1.504632769052528e-36 0.0 0.0 1.0 0.0 -1.4444474582904269e-34 -1.504632769052528e-36 0.0 1.0 0.0
0.9991183164637458 -0.0015010377287766625 0.041956614535049494 0.048143110959713846 0.001600050187555018 0.99999596704674 -0.00232637873086587 -0.023316846349107016 -0.04195294802972209 0.002391459392210476 0.9991167320242608 0.9657699482528113
0.995952326380104 -0.005388496566394275 0.08972075696144338 0.14983328346959968 0.006046933782091665 0.999956748724279 -0.007068524802706878 -0.05120546465417708 -0.08967877302928297 0.007582458761376575 0.9959418278211049 2.0195712553587875
0.9910266600596338 -0.00594123395124193 0.13353190363718417 0.2850912693703515 0.0074880107715546455 0.9999105156321735 -0.011084363725297348 -0.0785412524446613 -0.13345407816477486 0.011984790323126509 0.9909825203098107 2.971434303907065
0.9832241310810164 -0.0036768376261521055 0.1823644453347549 0.4766582875507148 0.006320270762453169 0.9998831547056937 -0.013916281758012097 -0.11189018311451018 -0.1822919412470128 0.014835415935406724 0.9831324802362906 4.0099155724191515
0.9739479053897989 -0.006183645156504876 0.22668754865270793 0.6998226406889312 0.009507746837181596 0.9998626118927212 -0.013574870231785774 -0.14422976152877232 -0.22657244241365163 0.015376500693856201 0.9738729345563545 4.944241526400977
0.9627344015272679 -0.007297306402066396 0.2703501547212757 0.9636122610495531 0.011523348548583752 0.999834862226629 -0.014047792212275013 -0.17925207880246785 -0.27020297224419243 0.016639629056892147 0.9626595366244572 5.864464046492223
0.9483623526993762 -0.009779445083083763 0.3170380542035808 1.3001811054950505 0.01602266620619143 0.9997254939149167 -0.017091125996942975 -0.21974194616181725 -0.31678382222367085 0.021288368246060292 0.9482588234729312 6.857343257972319
0.9336675824000104 -0.012645857491812743 0.3579172536794191 1.6502333585964595 0.02081240376872149 0.9996033166339601 -0.018973733651453932 -0.2546565159322041 -0.3575353007119591 0.025164279196831417 0.9335604717846822 7.741762161615943
0.916934810384867 -0.012250512215802038 0.3988489717114481 2.0330211811913155 0.021716562751727217 0.9995793160650784 -0.019223603987519718 -0.2904207862781216 -0.3984456217199295 0.02628841478645388 0.9168151370907373 8.611316890255344
0.896121507188521 -0.013087090289413258 0.4436157116171781 2.4987615600745485 0.023451293059129137 0.9995649832123283 -0.017884422639768024 -0.3317844213368828 -0.4431886255980508 0.02642997763642954 0.8960385996882657 9.545973453807253
0.8748432963572509 -0.013517820989473503 0.48421736912622537 2.958968237992256 0.024479749729042675 0.9995670414563497 -0.01632320546105446 -0.3692420219496218 -0.4837869650995853 0.026133763608480676 0.874795475597946 10.37275373566398
0.8492447632592919 -0.013506597543181736 0.5278266043610419 3.5084231542150426 0.025265638128371435 0.9995670851026239 -0.015073054268118882 -0.4103144943525241 -0.5273944771126313 0.026136582509656427 0.8492183752192797 11.253098147856193
0.8243035828435772 -0.014019833561551828 0.5659744354773522 4.042206838425098 0.026993934178250908 0.9995296011705922 -0.014555345585146777 -0.4443944248662829 -0.5655041218341595 0.027275900235553804 0.824294194359805 12.026517658599442
0.7978358214768683 -0.016228684168451774 0.602656294506489 4.613500153960342 0.03125476981778899 0.999406730475653 -0.014464497080200419 -0.4781280882160741 -0.6020639570128333 0.03037617518292019 0.7978697360687412 12.768952970646144
0.7671668843714887 -0.015193486952050356 0.6412675479188054 5.274190170309356 0.03202945603927915 0.9993796786499242 -0.014639567842266096 -0.5148723969313103 -0.6406472251428555 0.03177044122530068 0.7671776733082948 13.555005389374653
0.7375133307251175 -0.018318790631979047 0.6750841344700825 5.911607381412984 0.03719500889927959 0.9992165594470201 -0.013520363195252533 -0.5463163453423043 -0.6743074114519447 0.03508119944554185 0.7376169505268945 14.235995929476747
0.7064939038226623 -0.018170292267677524 0.7074857847744956 6.574413610016384 0.03830767506537068 0.9991866220504377 -0.012591958405368165 -0.5766467400620873 -0.7066813694339857 0.0359982779547568 0.7066153783601614 14.886834862297146
0.6699981455578995 -0.016837228685130424 0.7421717729047939 7.330882447306187 0.03857176809059724 0.9991819033002689 -0.012152932434049728 -0.6098871689434573 -0.7413598808147828 0.036769313449469154 0.670099534567237 15.567659022281749
0.6356043998162538 -0.01787299507358196 0.7718080687548832 8.048192344140277 0.04358776539297628 0.9989680649325761 -0.012762278209458685 -0.6360144932111992 -0.7707834096141629 0.041753138722933084 0.635727560776122 16.14692365979665
0.5966781225959639 -0.016289072081293043 0.802315323761766 8.86212900698848 0.044490171254939107 0.9989277013684783 -0.012806321860219945 -0.6668082480295197 -0.8012462947032688 0.04333639465098853 0.5967630110124027 16.747582305110587
0.5602182933017836 -0.015595575315131314 0.8281981773951972 9.626720329019731 0.047270114626420154 0.998795305671491 -0.013166902249888665 -0.6943586284232057 -0.8269949494757585 0.046525356693673386 0.5602807126353933 17.254625902347648
0.5227462990532769 -0.014178800162817601 0.8523704685069325 10.413447374745637 0.05295226654499363 0.998471003150244 -0.015865738766869458 -0.7205107854369865 -0.850842060647164 0.0534286921738787 0.5226978410055007 17.724062934768718
0.48099839787334014 -0.013190582653634216 0.8766222848755028 11.305321224797733 0.05483293486245358 0.9983818666811637 -0.015063866826446877 -0.7460919897304079 -0.8750049723651526 0.05531345648602552 0.48094340626772303 18.20507463748578
0.4436940783917962 -0.014822053290352492 0.8960557166494882 12.139270803115576 0.05962711128625483 0.9981357978232881 -0.013014565763489479 -0.770909661355949 -0.8941923520613064 0.0592036899344401 0.44375077171689103 18.606402123770962
0.40751848968269705 -0.015756696990827844 0.9130610895974738 12.992290914699348 0.0632632968092616 0.9979360713047571 -0.011014367221397543 -0.79628202882462 -0.9110029071727104 0.06225179815726124 0.4076742231336976 18.972736612480734
0.3696638810577559 -0.013362127262354785 0.9290695043628071 13.947039297585578 0.0655475603559168 0.9977804328619003 -0.011730126115232841 -0.8202547851388142 -0.9268505325842313 0.06523443097366849 0.3697192827927452 19.34446376931392
0.3369596473397784 -0.013653522174462675 0.941420096253573 14.836623801788383 0.06694520919354746 0.9977114926950935 -0.009491579454542449 -0.8398197135743973 -0.9391359429926571 0.06622183551234469 0.3371025673052749 19.653116212247955
0.30146966915914875 -0.01604426767040113 0.9533407995827649 15.837121163107453 0.06899174462630123 0.9976045082136351 -0.005027676270542581 -0.86020837416963 -0.9509763303802827 0.06728832311154666 0.3018544573130579 19.96273373586779
0.26949633835083314 -0.015809462650194495 0.9628716840293037 16.76002755935726 0.06970807084597254 0.9975624842370218 -0.0031314100929764723 -0.878390677278176 -0.9604750576295102 0.06796381756421813 0.2699414916045806 20.21334061820549
0.23787472661389789 -0.013052785650802368 0.971208184715968 17.692723263506263 0.06754225754578234 0.9977114577687174 -0.0031339161095319808 -0.8926095138165833 -0.968944498755089 0.06634306042512444 0.2382119588578793 20.439147062529322
0.20441917895729844 -0.010870868868430238 0.9788231109661375 18.73287116716874 0.06760794017538735 0.9977072605834336 -0.0030387707710928255 -0.9075141689852129 -0.9765457779687432 0.06679738752702849 0.20468547471511128 20.65309177356676
0.17462914008136785 -0.010555761606154271 0.9845777111139121 19.69656240879754 0.06931622919563646 0.9975933962992392 -0.0015989391360766547 -0.9207562622668386 -0.9821912453290391 0.06852642598771416 0.17494059053777997 20.817206402326754
0.14488124786213832 -0.010908447138661358 0.9893889688269214 20.675734258364994 0.07100404120726118 0.9974758375311972 0.0006001213389669787 -0.9322142467081299 -0.9868979074280667 0.07016366134471366 0.145290098987268 20.954776829605017
0.11225671358675703 -0.011878103677423675 0.9936083137542604 21.772111620809675 0.06963713317683373 0.9975641119893084 0.004057866552109354 -0.9427910154979882 -0.9912360503895881 0.06873649833100044 0.11281043674449442 21.077012336363662
0.08353618823738078 -0.011818976387081091 0.9964346779683052 22.783334580113962 0.07014612796519201 0.9975189080199484 0.005951125969270899 -0.9486276449113349 -0.9940326360619475 0.06939889139113053 0.08415799707975219 21.16040045325793
0.054244975298129064 -0.011156311810775484 0.9984654239457433 23.91192851403383 0.07297800937666649 0.9973077167569991 0.007178598186136874 -0.9514281924568538 -0.9958571678891246 0.07247660270909409 0.05491310551729335 21.21593261974418
0.029626874462533214 -0.01053630515934545 0.9995055172321085 24.95182538860924 0.07702907407228025 0.9969948511080579 0.00822657618482347 -0.9521854727135068 -0.996588382742781 0.07674724636593853 0.03034945263797362 21.240145354896004
0.007372815979652597 -0.010098370254567963 0.9999218794649615 26.004665902687893 0.08113317456302048 0.9966582782594333 0.009467181039196563 -0.9511872577065406 -0.9966758200407723 0.08105702601245857 0.008167499537583108 21.239790893938924
-0.014572615979686062 -0.009980222679391297 0.9998441086014327 27.17621669194089 0.08738210295841453 0.9961117011573148 0.011216547696234005 -0.9491102022758607 -0.9960681707875403 0.08753191573985877 -0.013643853123377967 21.212736571173878
-0.03198180207490008 -0.01063391360018461 0.9994319065251993 28.25261737538198 0.09167990450359925 0.9956965616843033 0.013527922177563613 -0.9458327609826873 -0.9952747268759202 0.092060454228076 -0.030869252183972306 21.167889893391923
-0.04729924498436465 -0.01026423080297189 0.9988281110657232 29.33842148381854 0.0948229603630731 0.9953853734740833 0.014719167057123958 -0.9417807832670402 -0.9943697720547002 0.09540802864968916 -0.046107686885824874 21.108009889470186
-0.06280860948764581 -0.010873009914687468 0.9979663625329159 30.540944650206267 0.09739548301306729 0.9951010126556057 0.016971529850437345 -0.936373174225743 -0.9932617314834599 0.0982633648493343 -0.06144192343909795 21.024863519487777
-0.07582121318284742 -0.011914817544481423 0.9970502595172066 31.640245068823695 0.09753421600364422 0.9950448253940137 0.019307891984478194 -0.9299153149368987 -0.9923396741175992 0.09871044918030264 -0.07428340511561976 20.93791110693977
-0.08787716002433396 -0.012088126688061791 0.9960580496909316 32.7445346146861 0.09730377819886235 0.9950401875957371 0.020660391997658956 -0.9222655802421088 -0.9913674368557152 0.09873576640859838 -0.08626507912590649 20.838907441197925
-0.09996783583394922 -0.009105445653177686 0.994949025020136 33.970085978054975 0.09738018212051106 0.9950679725322173 0.018890837682225707 -0.9116849027883458 -0.9902137945428946 0.09877678180723845 -0.09858809092199448 20.71284021276674
-0.1099318014495487 -0.005390496761998902 0.9939245662182542 35.100285036388655 0.0979786714373017 0.9950560348228503 0.01623344226678268 -0.9010501385686835 -0.9890979704106029 0.09916796395135745 -0.10886016080539233 20.584204637519186
-0.12008214996732977 -0.0024405475621771186 0.9927610295890965 36.36740019602481 0.09905973047098644 0.9949768372379585 0.014428034202244153 -0.8887977640022869 -0.9878092836293937 0.10007517139402483 -0.11923719373289947 20.42618175802693
-0.1274325205231029 -0.0012556710766496613 0.991846494041596 37.54192267706463 0.09890136048298337 0.9949991593933164 0.013966514025708825 -0.8781723663527412 -0.9869039155688691 0.09987473897861197 -0.12667107152713658 20.27326683836682
-0.1331409846030897 -0.0007425611555702226 0.9910968662434896 38.737456705698186 0.09837971174389495 0.995050950652587 0.01396155462467247 -0.8674013172073219 -0.9862021546747306 0.09936266065048249 -0.1324089975573333 20.11116587185446
-0.13861390394809528 0.0009782053606010132 0.9903461084123608 40.07357187916167 0.09940179922118877 0.9949633865554531 0.012930014380967686 -0.856150729044273 -0.9853452483954755 0.10023444402041283 -0.13801298658620526 19.92103168024655
-0.14297547946082845 0.002831560835968714 0.9897222245230288 41.308137277402764 0.09870616070061436 0.9950511105499769 0.011412302141358327 -0.8461020271572032 -0.9847917655425592 0.09932334423681517 -0.14254740850400457 19.741411555517505
-0.1470134981056211 0.003971733273749951 0.9891265310765469 42.56391217000089 0.09899638374313809 0.9950300104578326 0.010718351758626602 -0.8378691486861963 -0.984167943507187 0.09949567682408912 -0.14667602102390828 19.55216463438599
-0.15027380061275117 0.0029730157316742905 0.9886400088403208 43.969630283953386 0.09876828960038056 0.9950378325522127 0.012020573449005518 -0.8293127277836732 -0.9836983199250301 0.09945264151746822 -0.149821755419617 19.336644602479733
-0.15250277019588815 0.0006146853015359158 0.9883029176630167 45.27020242523076 0.0993497467590349 0.9949438086144764 0.014711613319645803 -0.818937006426427 -0.9832966388256634 0.10043119236318993 -0.1517927367503262 19.133422894101734
-0.15471361753913762 -0.00040515044381304877 0.9879593785329883 46.588103593260854 0.09928340906728875 0.9949312312628332 0.015955706432539025 -0.8066847038475665 -0.9829579369421999 0.10055651824154122 -0.15388918880671437 18.925748476384385
-0.1568297556395001 0.0003692021650893605 0.9876256714397768 48.05882214806517 0.10161721650828774 0.9946986413324118 0.015764430598988487 -0.7905268951054115 -0.9823838740723003 0.1028320838100508 -0.15603586376125445 18.688981932088424
-0.15781388316655307 0.0008747922831045607 0.9874685586434976 49.41550805563325 0.10130553826828391 0.9947375269782456 0.015309074865693752 -0.7768672337125995 -0.9822584411082639 0.10245199917390183 -0.15707202401158124 18.470379304897058
-0.15837074416013122 0.0017760361050415106 0.9873782098631677 50.93076312217859 0.10339064975248516 0.9945307553161937 0.014794459009617704 -0.760657560770048 -0.9819515976967345 0.10442866033892657 -0.15768818997534934 18.222681378521216
-0.15844728511546893 0.0022715002360780947 0.9873648133935834 52.327513013752004 0.10293616228885077 0.9945860982098035 0.014230555376669245 -0.7487153804570985 -0.9819869072361039 0.10389032575032046 -0.15782329173233395 17.995850118185274
-0.15796207880383775 0.0035114873530476907 0.9874389754918708 53.742618524327725 0.10297931975647642 0.9945993462116137 0.012936799196571942 -0.7387520480960689 -0.982060557653786 0.10372930444184555 -0.15747057524298788 17.766389852600252
-0.15669569286452364 0.003521530131382496 0.9876406781536037 55.32308858746984 0.10330536821891503 0.9945667479171731 0.012843846662548505 -0.7278450629774613 -0.9822292241104975 0.10404114702332541 -0.15620810419986414 17.512123980840606
-0.15525533597803795 0.002317913410857757 0.9878717483516157 56.781295562136016 0.10241571878622936 0.9946464867745998 0.013761987028657009 -0.7192211963916322 -0.9825511031707226 0.10331019202678458 -0.15466155877203036 17.280890902224176
-0.1541624454673273 0.0030368068555819373 0.9880409334524844 58.2578723218013 0.10340165952673869 0.9945536859689343 0.01307676893436104 -0.7092923712325886 -0.9826198812430662 0.10418099972311791 -0.153636849669141 17.046666802593407
-0.15288297515330962 0.003967437984066546 0.9882363873118105 59.905705197023 0.10334631722254847 0.9945730805601622 0.011995087148417157 -0.6978489520665145 -0.9828256032842828 0.10396441697133729 -0.1524633111674697 16.78953981721058
-0.15195229402239974 0.004623668959555541 0.9883770651491951 61.425730234726785 0.10433943861144428 0.9944765030831053 0.011388857006475964 -0.6897512559058527 -0.9828649334874023 0.10485725390678863 -0.15159543367832257 16.552768099620206
-0.150849241052201 0.0044784762773225845 0.9885467072652989 63.11938367238789 0.10396931482246687 0.9945156038531328 0.011359883155888812 -0.6816297185144568 -0.9830740624443454 0.1044921364715771 -0.1504875605570732 16.29197623920601
-0.14993355746583487 0.0028103391089280352 0.9886921581930637 64.67812580077444 0.10566223607683164 0.994314449856137 0.013197182136045999 -0.6739493519455305 -0.9830336790854476 0.10644610522533333 -0.14937806058975703 16.051014741619937
-0.14927479615117184 0.001058205153146423 0.9887952267969029 66.25080782675404 0.10688952521867731 0.9941565648302533 0.015072774397018223 -0.665888560951343 -0.9830011867868692 0.10794182352257514 -0.14851563430937714 15.808205297848781
-0.14844104541202732 0.0016864811227866885 0.9889198964723506 67.99335113105423 0.10854501985853493 0.9939843251410767 0.014597944389777958 -0.6560908560512625 -0.9829461076813338 0.1095092456936729 -0.14773113759878548 15.542147797382745
-0.14741443590878503 0.003931741234824191 0.9890670138070441 69.5888010222892 0.11086189988089636 0.9937562645283299 0.01257290782643625 -0.6492113580665003 -0.9828419845115355 0.11150326071615714 -0.14692989190383185 15.2975199836915
-0.14677528649267982 0.003642031024911565 0.9891631896889346 71.2008692295786 0.11011572079524533 0.9938378437856837 0.012680088083499899 -0.6453506052186426 -0.9830214983028984 0.11078352963868657 -0.14627189350318992 15.05586116380186
-0.1465576154250235 0.0032225888002304073 0.9891969573850204 72.9907500636483 0.1105105149307575 0.9937881153695042 0.013135488739148752 -0.6406219230461634 -0.9830096213074142 0.11124175013908769 -0.14600335563959566 14.78638277428391
-0.14634373623632965 0.0017085988489393723 0.9892324451917517 74.63600003399505 0.109821023917129 0.9938451686404223 0.014529985280519133 -0.6348436652163897 -0.9831188206803462 0.11076486724703022 -0.14563064503762332 14.541838437381701
-0.14593708224943852 0.0019990937112553515 0.9892919278662841 76.46195049579758 0.11173331042000399 0.9936327965495785 0.01447466251517626 -0.6258438809209613 -0.9829637434260192 0.11264923339321248 -0.1452312417784578 14.26734991498079
-0.14592198206990611 0.002187890755446419 0.9892937569064978 78.13680997002771 0.11238907790044915 0.9935601961901547 0.014380189919313375 -0.6187179290260405 -0.9828913302457103 0.11328417360549344 -0.1452281651124893 14.017760829937163
-0.14589706066188213 0.0031836451347203223 0.9892947104259225 79.82329023965269 0.11288590596332675 0.993516872376328 0.013450707326163342 -0.6118214265779885 -0.9828379870733979 0.11363982974086775 -0.1453105892923913 13.765442605801516
-0.1462786361367764 0.0038998993577987967 0.9892357916714815 81.69392389387174 0.11230555234216813 0.9935926468810491 0.012689582772600285 -0.6063151804991271 -0.9828477536837276 0.11295287176505141 -0.14577937665990676 13.48733857359845
-0.14736295719551515 0.004166078763408952 0.9890737793608109 83.40848133546211 0.11122655636585072 0.9937178348710364 0.012386096966326764 -0.6031973538514789 -0.9828084910717921 0.11183650305646572 -0.14690058310164875 13.23065193849524
-0.14850119283284677 0.004996383029667179 0.988899682665406 85.13540128922529 0.11066138695031091 0.993790526228807 0.011596713907024124 -0.6013211930001203 -0.9827010229073636 0.11115511507778623 -0.14813197815278759 12.970409711321095
-0.14956781314776935 0.0043487584859192695 0.9887419757716795 87.05275621749564 0.10948676877427449 0.9939134614882958 0.012190646837807692 -0.5987759128788169 -0.9826707950567721 0.11007746931943202 -0.1491336017459521 12.680888804403637
-0.15052563097465096 0.0038716036431478552 0.9885985759269108 88.80992644868762 0.10966712326126454 0.9938858304847542 0.01280578346056817 -0.5943202432242018 -0.9825043966703197 0.11034434436634839 -0.15002988963928454 12.411562228770793
-0.15090749677063156 0.002782111372137016 0.9885439740041849 90.58308907951866 0.10703737094643236 0.9941627264784607 0.013542003904415517 -0.5889438782167286 -0.9827358232136506 0.10785472273112591 -0.15032439871342387 12.141518078869597
-0.15240604521617324 0.003936936235176587 0.9883101641478795 92.54634069741887 0.1068052203725523 0.9942012300736579 0.01250989003714627 -0.5814984260407673 -0.98252977888919 0.10746325196101823 -0.15194276447823332 11.835874986649609
-0.15489991944560674 0.005252827465808603 0.9879162745073514 94.34498200510963 0.10571486666810836 0.9943324360982044 0.011288572959732162 -0.5756136526066807 -0.9822577475907353 0.1061860153492186 -0.1545773136869736 11.554415938026773
-0.1589700617599115 0.0051955531844844645 0.9872697871607976 96.33726999640439 0.10638504584122764 0.9942538002448587 0.011897794850169263 -0.5682686523092123 -0.9815347787577962 0.10692211697316537 -0.1586093041097762 11.233687606382619
-0.16351176946561327 0.004762457869877706 0.9865299456894057 98.15963559025677 0.10419430582288788 0.9944787684140252 0.012468783416585359 -0.5663102489689285 -0.9810235273923276 0.10482957827818042 -0.16310520242907398 10.935645424611266
-0.1682102271622245 0.0035893427447463264 0.9857446828696993 99.99005884729542 0.10197009708297591 0.9946920204488423 0.01377853552117912 -0.5645133327893651 -0.9804627709539896 0.10283414868311723 -0.16768337430925956 10.6277797784536
-0.17320490621548673 0.004931647652658063 0.984873531399661 102.01022004086474 0.10098829969896314 0.9948055344265907 0.01277893610072523 -0.5632953520744189 -0.9796944561708558 0.10167405758460805 -0.17280324877066108 10.27648016281889
-0.17771078832793388 0.006243165432356014 0.9840630143433554 103.8555293140828 0.10148291129631103 0.9947646804723262 0.012015616641055063 -0.5615959590338118 -0.9788359238949491 0.10200086810886601 -0.17741399882287776 9.944616375641607
-0.1821411862949497 0.007964741264324114 0.9832402098407591 105.70850642552611 0.10124069789735991 0.9948044497690322 0.010695998903256345 -0.5633135705594557 -0.9780463643279129 0.1014920867217986 -0.18200121498941796 9.602480224015585
-0.18725735235455299 0.008787364615199257 0.9822716122465684 107.75949066992105 0.1000998958966119 0.9949252430108635 0.010182179145195674 -0.5679486920177972 -0.9771971807559277 0.10023196238506228 -0.1871866793989125 9.214350671196774
-0.19208489360974818 0.007655321409912195 0.9813485161681469 109.6342205882431 0.09799125647950434 0.9951217834972116 0.011417614198259448 -0.5708585595982293 -0.9764737066903122 0.09835671110604649 -0.19189800405150156 8.85237426353617
-0.19779844011253322 0.007461663369691909 0.9802143774403075 111.70521508169475 0.09603701468036803 0.9953077587137111 0.011802843289970992 -0.5723660582180466 -0.975526746305526 0.09647142959751871 -0.1975869139764982 8.442830716151681
-0.20322260026552977 0.006593904281429965 0.9791104077540325 113.59515321719637 0.09509569950781452 0.9953827731837197 0.01303441606966915 -0.571815449982309 -0.9745035716936108 0.09575805927342271 -0.20291132959896208 8.056917057465926
-0.20853934505775765 0.006446224188511926 0.9779927981710506 115.4915590514492 0.09502138292889648 0.9953809187710068 0.013700760301434472 -0.5696037749464772 -0.9733869250391881 0.09578735268813408 -0.20818862826421344 7.658632453033304
-0.21432350956461488 0.007908139373190775 0.976730758176125 117.58323901796376 0.09558872180474903 0.9953370747450092 0.01291619208159986 -0.566947758095247 -0.9720740972602055 0.0961326709832249 -0.21408006748903222 7.204120921460932
-0.21982000381709557 0.008874358487317859 0.9755001706615098 119.49306922151465 0.09523181037431686 0.9953777708349614 0.012404419320225981 -0.5648156537902845 -0.9708809461127659 0.09562536555223031 -0.21964908271387823 6.780012897652927
-0.2255356185828145 0.008857964235838659 0.9741947211428348 121.40971013813586 0.09571967581135903 0.9953219449349653 0.013109972004423017 -0.5635209078569097 -0.9695211050757265 0.09620634872785136 -0.2253284324393327 6.339517673572939
-0.23144857006676894 0.009216195259720037 0.9728035811980128 123.52480729159068 0.09472965387170487 0.9954167398137925 0.013107562899482396 -0.5624772257252373 -0.9682239714258574 0.09518705801106268 -0.23126081873728732 5.842636788408952
-0.23643495726091182 0.009566244558629908 0.9716002724722843 125.45348475505048 0.09423242017815563 0.9954636446629815 0.01312986863963385 -0.5596051763729932 -0.967067028074788 0.09466058709464821 -0.23626383079603805 5.378985834534603
-0.24190211296933173 0.009740397316962019 0.9702517984076988 127.58259549478831 0.0930371868530555 0.9955750821804118 0.013201306446766573 -0.557822265538289 -0.9658297870569882 0.09346290870892597 -0.24173792878070582 4.855760552262584
-0.24615384766965445 0.00982590492758729 0.9691809989460374 129.52362677586183 0.09460701622173236 0.9954171359826643 0.013936512361739442 -0.5543333668758376 -0.9646023329044849 0.09512183340697031 -0.24595536111911 4.364093942567316
-0.249903042383272 0.008581297591612672 0.9682329500116008 131.47159137377128 0.09623588273388614 0.9952296719744694 0.01601812570840224 -0.548327181905306 -0.9634765021168307 0.09718170496387335 -0.2495367849718662 3.8608741613188613
-0.25369356994039527 0.009913709736001985 0.9672339507068973 133.62002614125214 0.09770931821317348 0.995095402289441 0.01542867456859509 -0.5412398056671043 -0.9623369338879898 0.09842189832515265 -0.25341799027762796 3.29566333246556
-0.2566290562628491 0.010350840736566972 0.9664545873508185 135.57994063751215 0.09799427694280038 0.9950683443926821 0.015363765653555914 -0.5347350842675573 -0.9615292197589721 0.09864979227690693 -0.2563777949998306 2.7738000647123826
-0.2599052603725642 0.01014162583371276 0.9655809363050764 137.5471968252037 0.09714721487923356 0.9951461909948351 0.015696943101190037 -0.5285367650032156 -0.960734816281227 0.09788319987546738 -0.2596289825836872 2.244330575911273
-0.264080073589993 0.010386039897462765 0.9644449075743303 139.7183293788457 0.09578431589480668 0.9952812718102876 0.015509120632363286 -0.5209808972538734 -0.9597327283629177 0.09647432643913442 -0.2638287626870559 1.6531045338683121
-0.26839680927183446 0.011279333687092618 0.9632424434865761 141.69918536211958 0.09449519065774004 0.9954171166124312 0.014673938462056607 -0.5166711422446223 -0.9586623615875773 0.09496020226413943 -0.26823261827513456 1.1047690301179154
-0.27314705282004337 0.011115714096556444 0.9619081262081711 143.88531536476407 0.09359647493604362 0.9954960091182358 0.015074148380246824 -0.511000464626339 -0.957408036270433 0.09414865452797877 -0.2729572024772774 0.4881725687755125
-0.27756154348089157 0.01134322872672513 0.9606408886634454 145.87947640308977 0.0937460845743906 0.9954780301002017 0.015331816991262367 -0.5046692638369551 -0.9561228892122586 0.09431183696062324 -0.2773698283848289 -0.0840529504043151
-0.28190942681031833 0.011863002941292054 0.9593677512696251 147.87817744258066 0.0932484808967551 0.995528436244795 0.015090841432691024 -0.4992329568600301 -0.9548987425271014 0.09371381946373263 -0.28175508209866246 -0.6675983411713081
-0.2867327452230231 0.01237695714763357 0.9579307330738249 150.08338587376386 0.09286612941048217 0.995566596703333 0.014933931537716561 -0.49419426078413475 -0.9534987965046419 0.09324134924401072 -0.28661095717542656 -1.3231656786187072
-0.2907855206050688 0.011411267198872439 0.9567202369584888 152.09471190961725 0.09254383551648343 0.9955758770856418 0.016253047592984397 -0.48825226378741654 -0.9523020349200002 0.09326469974296667 -0.2905550925241278 -1.9312961170950549
-0.2948953238031967 0.011467582367909448 0.9554607967562766 154.10972581934195 0.09308752853402946 0.995516476549648 0.016782383679720708 -0.4816220180552241 -0.95098433523928 0.09389051771940496 -0.294640665479839 -2.5511224666734535
-0.29905617596626693 0.012138401603070626 0.9541583121367389 156.3321039700823 0.09411833047585358 0.9954186314757948 0.016835648117787837 -0.4735248794115096 -0.9495825189764869 0.09483857911323798 -0.298828547300726 -3.246642697566318
-0.30252227111906 0.013278509719141202 0.9530498675751429 158.35699987367119 0.09425347131542508 0.995418792615304 0.016049625856345694 -0.46604675183453476 -0.9484704663460389 0.09468361460641023 -0.3023879240122301 -3.8879391960791323
-0.3059955964086096 0.015418314580027818 0.9519080863909617 160.3863484966281 0.0947425391136771 0.9953985518530121 0.014332713412650338 -0.45936050448610677 -0.947306878514408 0.09457192108504159 -0.3060483516198991 -4.539342264926677
-0.3096090874285305 0.016061941829862397 0.9507282713436179 162.6255902726337 0.0954071877758161 0.9953363074329413 0.014254227470481507 -0.453713793082443 -0.9460652444074176 0.09511954171349993 -0.3096975767151639 -5.26767124376751
-0.31285839706146834 0.016908438926767105 0.9496493134236165 164.66701037205888 0.09519764526452767 0.9953649270866753 0.013640100966674432 -0.45080499745719144 -0.9450168244534851 0.0946717830551242 -0.31301793762581515 -5.940232630535785
-0.31660211438236924 0.017050869976591724 0.9484052271599419 166.91873956002192 0.0950430001250216 0.9953770565336479 0.013832451600551314 -0.44752594180827526 -0.9437847892975757 0.09451864197674327 -0.3167590764481882 -6.6906564090713045
-0.3204616152374271 0.016977076488264808 0.9471094209186379 168.97164515369812 0.09503928211980299 0.9953705715869507 0.014315090010500986 -0.44371262188724414 -0.9424816026732721 0.09460002424580723 -0.3205915606617759 -7.382976084826055
-0.32413018720022646 0.01717595947716515 0.9458566485778812 171.0285514684778 0.09635699401835023 0.9952346306250854 0.014947397426856213 -0.43988882931220324 -0.9410923289681685 0.0959847851275987 -0.32424058464875904 -8.088785293367064
-0.3275169311822458 0.018157033910144903 0.944670879812247 173.29619633857305 0.09882413741923607 0.9949897421743836 0.015138088330721446 -0.43437040290524537 -0.9396628309005685 0.09831425126161457 -0.3276703437997245 -8.878112224415256
-0.33018511228992636 0.01770133819448967 0.9437502479909928 175.36430804805173 0.09946940400240786 0.9949097186077733 0.016139945406815574 -0.4274287011574002 -0.9386604592000035 0.09920343124776668 -0.33026509083121874 -9.604624933333735
-0.3327771939204859 0.017056005871370267 0.9428513237333348 177.438074149536 0.09935531279800505 0.9949055197637072 0.017069564921576085 -0.4192495492054478 -0.9377567067443443 0.0993576262380202 -0.3327764889157242 -10.338472847221329
-0.33572609751069704 0.017052479088363652 0.9418053418239115 179.7251743194137 0.09813236127871083 0.99502870271114 0.016965168463178297 -0.40956547614866856 -0.9368339503292611 0.09811721314957932 -0.3357305516258571 -11.154044056729948
-0.3386105194544208 0.01881445616328539 0.9407385771541282 181.80780724560893 0.09725322410195553 0.995145013206049 0.015102863424344009 -0.40232732539208116 -0.9358870235040658 0.09660383252004487 -0.33879632633815704 -11.903892818381856
-0.341760165076219 0.020248780835923436 0.9395690766173425 183.8961759044683 0.09716680829351028 0.9951710610429909 0.013896518690034233 -0.39646318896703664 -0.9347505323012095 0.09604418434098848 -0.3420773410970857 -12.663421346662881
-0.3451554022721758 0.021640208693641017 0.9382960663350702 186.1989030760749 0.09545297348692783 0.9953596614311617 0.012156409817388985 -0.3968899671910064 -0.9336788639614947 0.09375898630597804 -0.3456193944391201 -13.510100792976763
-0.3483476717939749 0.023105594360089597 0.9370806552507409 188.29672888311538 0.09427191129777493 0.9954911538429618 0.010498544513644893 -0.3978162153368104 -0.9326127284008074 0.09199751522371184 -0.3489552172333248 -14.289787556774368
-0.35234437093653087 0.023087365949825335 0.9355856741154222 190.61055882192122 0.09501437019152889 0.9954126112216014 0.01121897751507412 -0.3992377755179371 -0.9310346791875102 0.09284700458081067 -0.3529216945637135 -15.162566746404579
-0.35581670953127914 0.021941522778705955 0.9342981669534746 192.7195471804692 0.09416584000819099 0.9954781901955506 0.012483666163024659 -0.40158008564972514 -0.9297995240612916 0.09242085479726395 -0.3562739564641037 -15.966669229733249
-0.35940945682102954 0.021206225309718302 0.9329390695376739 194.83166030578428 0.09385012027677289 0.995494410927807 0.013527076288999365 -0.4012837113808445 -0.9284485765058765 0.09241818534489453 -0.3597803240659586 -16.780623957088483
-0.36353257055229277 0.021305943141347712 0.9313378453909383 197.15708332461085 0.09408397939097442 0.99546647605053 0.013951150639088122 -0.39969592206503113 -0.9268183031783159 0.09269565310489665 -0.3638890540806206 -17.68794607385418
-0.3668575753131014 0.021445535498129845 0.9300298787872374 199.2737667112097 0.09314023240930783 0.9955575044457193 0.013783356128328447 -0.39826235786432584 -0.9256025317563635 0.09167972293964154 -0.36722529943182913 -18.522154507971088
-0.3705098236486103 0.02202452082280689 0.9285674174997992 201.39085103827296 0.09213595757650014 0.9956595852931139 0.01314750700006274 -0.39868345660665205 -0.9242473757942011 0.09042571357773582 -0.3709309080874037 -19.36529244895142
-0.3739308400077586 0.022091166439939428 0.9271935282383663 203.71993355204728 0.09210577692182911 0.9956587544631322 0.013423221187251646 -0.4006586580405421 -0.9228716613579206 0.09041922103794546 -0.37434225117682063 -20.305240741286372
-0.37664129077064323 0.02271516830095289 0.9260806854298016 205.8376892606829 0.09307903844321147 0.995568023350204 0.013436096286177177 -0.40363812114635467 -0.9216710055146086 0.09125927461056518 -0.3770863121800893 -21.16946986036405
-0.3793229184834604 0.022859556364032238 0.9249819940582175 208.1692140002594 0.09439053739356075 0.9954352080864345 0.014107603119357172 -0.40572555406583266 -0.9204370452056088 0.09266086598800084 -0.37974912631503477 -22.135386734827982
-0.3819145059345698 0.02252572837172195 0.9239231146295275 210.29048173044066 0.0952887754303053 0.9953347787366731 0.015121948129856585 -0.4046344114421542 -0.9192720910867022 0.09381478063316814 -0.3822792347356741 -23.020792058697193
-0.38431643673969995 0.02313681885432157 0.9229115414764053 212.41208726051482 0.09628102070408212 0.9952389737818051 0.015143069308029207 -0.4025681667170449 -0.918166988529027 0.09467858196748037 -0.3847143438674378 -23.91355064641085
-0.3869995314501852 0.02435180826981902 0.9217583034262904 214.74608985836426 0.0967375145168122 0.9952068004633763 0.014322934378595562 -0.40106289346254886 -0.9169912299153805 0.09471156546679031 -0.3875003328233936 -24.901257333415963
-0.38965892127365764 0.024519914385608636 0.9206328290110793 216.86879872786153 0.09605310498854527 0.9952756116701151 0.014146650354146516 -0.4026273327302159 -0.9159364719247597 0.09394198835661047 -0.3901732733121891 -25.8066023210171
-0.3922637662608226 0.02533153378600696 0.9195039721623771 218.99112291228948 0.09550138691721251 0.9953401985655392 0.013320479524709567 -0.4059834181529508 -0.9148816485445141 0.09303903661089398 -0.39285506089132727 -26.717745363404788
-0.3953192337813255 0.026538094382283432 0.9181604031212234 221.3251033506078 0.0954478004025639 0.9953580984263328 0.012326209104178908 -0.4119660867293031 -0.913571163433708 0.0925091627453154 -0.39601719885089176 -27.7282637814704
-0.3976849655275917 0.02655985422819418 0.9171375045360379 223.4472422804217 0.09360504257577112 0.9955399324969111 0.011758235213379476 -0.41985650773563543 -0.9127346571181106 0.09052476079352684 -0.39839742711503234 -28.651858422555094
-0.40050977752383055 0.02720630383785883 0.9158885792966682 225.56692275749123 0.09377602941440687 0.9955275825114809 0.011435435810685849 -0.4290301518775518 -0.9114810892123576 0.09046837738701208 -0.40126986730607594 -29.584451962162202
-0.40322965189298504 0.026974701575149904 0.9147011812789418 227.89719642402866 0.09568945286732318 0.9953284611590499 0.012830561173540849 -0.43901987121238967 -0.9100819127474226 0.09270090814305354 -0.40392714777258165 -30.621695397285173
-0.4056680170654306 0.026320818752277153 0.913641541998624 230.01518354323207 0.09578328448206996 0.9953057626285006 0.01385548711994022 -0.445564321777249 -0.9089877767886083 0.09313229890245182 -0.40628481202975225 -31.56942129212154
-0.40904888060802347 0.025494829721450566 0.9121562948207024 232.34234063775835 0.09483327243691468 0.9953845259273244 0.014706122147049716 -0.44722416345695787 -0.9075712066686634 0.09251827481569214 -0.4095786799002424 -32.61787235314444
-0.41198651965950667 0.025818852652407475 0.9108240522153688 234.45546549793508 0.0936717349581997 0.9955025175673533 0.014150653360281594 -0.4486056680004305 -0.906362205533526 0.0911483401793713 -0.4125521378845747 -33.57687131442079
-0.41525620025138027 0.025289155770906943 0.9093529331483795 236.56708924164963 0.09216109157603843 0.9956400338162525 0.014396571902581754 -0.45141923957935365 -0.9050239666205468 0.08978521766157443 -0.41577635085059966 -34.54353241542492
-0.4189181031054104 0.024325928829637883 0.9076981796681447 238.8878990914671 0.09099092045357544 0.9957339880797422 0.015308599966019878 -0.45341433504510636 -0.903453376361339 0.08900532476740358 -0.419344488863914 -35.615102173322306
-0.42234824124518605 0.024387172383754124 0.9061055539157948 240.99230524147902 0.09043042250526477 0.9957844062196114 0.015350044420242088 -0.4551727390170927 -0.9019113348965146 0.08842256054262289 -0.42277318335089026 -36.5972004539132
-0.42585580580566856 0.023883469870795943 0.9044757952767358 243.09234437667052 0.08960324336380361 0.9958507054202772 0.015891733823121867 -0.45652958304353125 -0.9003431615627531 0.08781154261329545 -0.4262288531439796 -37.5865834535051
-0.4299573800165439 0.02463553041314263 0.9025130339642948 245.3951136967878 0.08908754103216812 0.9959068588212461 0.015256451670690712 -0.4585698564744784 -0.8984429553903251 0.08696227850739029 -0.4303922490960716 -38.68297863403114
-0.4339206068084001 0.02387677720815301 0.9006347401508856 247.48462729629205 0.087979779579522 0.9959940121328835 0.01598329326967441 -0.4581671968994692 -0.8966450302473618 0.0861731085763653 -0.4342830185772399 -39.687123651036195
-0.43764213290640164 0.023961227240334674 0.8988299638838967 249.56814502193942 0.08783515731151118 0.996003021225118 0.016215423043109148 -0.45801712805639677 -0.8948486604556353 0.08604540466256111 -0.4379975709109078 -40.70202960084361
-0.4413376780422071 0.025070414832847616 0.8969908299453286 251.85456039439617 0.08853479416389709 0.9959488698566559 0.01572466512778064 -0.45943598712802075 -0.8929627057538498 0.08635477394093848 -0.44176938578220976 -41.82861028352321
-0.44485148684901166 0.025013592021097895 0.8952550153618845 253.93097798740203 0.0881312272517811 0.9959808788194753 0.015964432587193413 -0.45894607310936736 -0.8912574605300088 0.08600170818510032 -0.44526803450932745 -42.861504216489045
-0.44872054065733846 0.02522471706740042 0.8933160931654258 256.2145615524337 0.08718230715863459 0.9960691391285101 0.015666254666847935 -0.4563254668914885 -0.8894093842589643 0.08491111282885036 -0.4491558278609163 -44.00474629116849
-0.45222148065849327 0.025088953382326543 0.8915527309729512 258.29098348338164 0.08701800172734267 0.9960764408729015 0.016107725917674853 -0.4530587188879825 -0.8876504973411757 0.08486538438938643 -0.4526303857598249 -45.05458066500072
-0.4555486062079316 0.025905197304732265 0.8898339922599475 260.3629340984448 0.08756854285781197 0.9960326129279141 0.015833628022404636 -0.4481414741831756 -0.8858933216120685 0.08513443604932625 -0.45600977506718665 -46.11168995461811
-0.45925458632845245 0.027089255972411724 0.8878916393075613 262.6403115645242 0.08910657003969423 0.9958982936328912 0.01570512528358791 -0.44323370163725795 -0.8838241499863291 0.08632961342241474 -0.4597846355027097 -47.28962138683196
-0.46235652858998944 0.029009030270427116 0.886219533876765 264.7079506039799 0.09122004678874364 0.995717804741689 0.014997833059896748 -0.4406760300688598 -0.881989320362112 0.08777531716554554 -0.4630228672729484 -48.36798672612352
-0.4651073506814835 0.029747468320011693 0.8847543823224892 266.7769325586568 0.09204248087769483 0.9956434189741407 0.014910083565324488 -0.439110553403777 -0.880456166346117 0.08836976386198263 -0.4658191530498218 -49.45593632255498
-0.46818170412063564 0.03197020884148197 0.8830537380321936 269.0520798929881 0.09407494439656386 0.9954689353248233 0.013836995019918273 -0.43568681961230993 -0.8786100575726736 0.08955144251307773 -0.4690679206592742 -50.66564574577384
