1.0 0.0 2.224975707236426e-34 0.0 -4.73084573929893e-54 1.0 0.0 0.0 -2.1817175151261656e-35 0.0 1.0 0.0
0.9999969748144828 -0.001893570007159048 -0.0015687062626849764 0.003442969318315312 0.0018921120707559727 0.9999977705246518 -0.0009314999364975775 -0.009346804424100696 0.0015704691830590576 0.0009285304210962491 0.9999983017846458 0.5424676955508666
0.9999931531102102 -0.002417526819439069 -0.002791561663013261 0.0006982339077572593 0.002410992673651616 0.9999943666592822 -0.0023439264400696514 -0.022972957474717448 0.0027972006313871523 0.002337181163400548 0.9999933727344258 1.1366295445513759
0.9999865692297469 -0.0024815433924692347 -0.004544596590229751 -0.007908376622026769 0.002465607067129347 0.9999908249168004 -0.003509341888819898 -0.04118096562227393 0.0045532492160288785 0.0034980926732482392 0.9999834694399705 1.6756406016562297
0.9999687881685306 -0.004498451759564045 -0.006488943824126624 -0.01488666496882103 0.004463853256320678 0.9999757894709572 -0.005337419697879379 -0.05831455905013227 0.006512786179752459 0.005308287919487034 0.999964674550248 2.213412033317862
0.9999417354246236 -0.00709693997933406 -0.008130015313623085 -0.02055274779656925 0.007035534834127119 0.9999467248594611 -0.007557684399579041 -0.07416826195515752 0.008183216281317676 0.007500047398380412 0.9999383546937745 2.809873353653498
0.9999211883023241 -0.008245645614525449 -0.009459422381210725 -0.0293769880328118 0.008165449061812591 0.9999306674061261 -0.008486549146326372 -0.08995683949854875 0.009528732140255406 0.008408639794090159 0.9999192601567005 3.3601707839402426
0.9999046800086823 -0.008474696759503157 -0.01090146008772967 -0.0419475007690601 0.0083908070717046 0.9999350057322769 -0.007718766612002723 -0.11030616754827614 0.010966145142923631 0.007626559137918206 0.999910745867027 3.9726424820609214
0.9998895477019333 -0.008754971526892776 -0.012007828114087765 -0.055721799041597284 0.008660366600330512 0.9999312311254872 -0.007908649148930214 -0.13419705206404442 0.012076235764208468 0.00780378511885102 0.9998965871339249 4.53449433815589
0.999879057494156 -0.00813941978613865 -0.013250999423384669 -0.07076652735736384 0.007999877370506695 0.9999123635978318 -0.010550449266536574 -0.15814675329330047 0.01333569876564926 0.010443167266472294 0.9998565284914105 5.1608795550816255
0.9998758408308988 -0.006510818351503011 -0.014347848644946705 -0.08790811538068767 0.006305809211242562 0.9998780335961274 -0.014287927145652505 -0.17997656282554222 0.014439119941516011 0.014195678407158812 0.999794946164641 5.737243646419572
0.9998666188178909 -0.005073765432882959 -0.015521421970809716 -0.10462489972056753 0.00479426675140079 0.9998266467413665 -0.017992087695878536 -0.19848976327561543 0.015610011277126683 0.01791527363131528 0.9997176438610165 6.324508091057242
0.9998529968613561 -0.0035108223173863137 -0.016778660370453023 -0.12405067013107872 0.0031971428422862824 0.9998202869299853 -0.018685587802044677 -0.21863324046620938 0.016841251767482485 0.018629196433608577 0.999684590118446 6.985471744661438
0.9998405923088738 -0.0010728581411131248 -0.017819713442399094 -0.14379634112859782 0.0008485249039580202 0.9999203331471971 -0.012591932505159229 -0.23571056915714111 0.017831800409452248 0.012574805802029203 0.9997618589535273 7.606352701771526
0.9998262342757026 1.0639466948148338e-05 -0.018639157590404087 -0.1649013238318696 -3.853530008919494e-05 0.9999989420876357 -0.0014965956962438957 -0.2543744962897842 0.018639116604848148 0.0014970542739675442 0.9998251809662175 8.307845941343421
0.9998130648247576 0.0010489967390317695 -0.019307973189090534 -0.18400004590058083 -0.0009430974536118655 0.9999845348170134 0.005492922276103293 -0.2731025388762658 0.019313431166314128 -0.005473686472000636 0.9997985303474441 8.956563320719697
0.9997836511809417 0.0033486711346435187 -0.02052755332462907 -0.2061745547453908 -0.0032272499298700193 0.9999771435539464 0.005945174155809963 -0.29131321469308946 0.020546993726286114 -0.005877638253165813 0.9997715879758117 9.611864549901373
0.9997548753755557 0.005610619134737423 -0.021417280720712802 -0.2327826055073353 -0.005650645758504146 0.9999824014002745 -0.0018087962773902253 -0.30299782913476964 0.021406749602733706 0.0019293748864241658 0.9997689937449741 10.342252162156052
0.9997382266556833 0.004945922069110797 -0.02233465147399711 -0.2528286988425223 -0.0051454505123572115 0.9999472485986476 -0.00888504136371585 -0.3083355603514528 0.022289512068006608 0.00899763994588525 0.9997109955119586 11.022422246549976
0.9997153147771567 0.002665412908738257 -0.023709829447452046 -0.2699271695292259 -0.0028576644390111336 0.9999633696724188 -0.008078513566808531 -0.3146798171807617 0.023687438119885152 0.008143970826829626 0.9996862360772487 11.797820712858513
0.9997075378466191 0.001959563899301602 -0.024103034596619083 -0.28135452705074426 -0.0019267734637024151 0.9999972452656766 0.001383406429066247 -0.3199291699363746 0.024105673453411615 -0.0013365589709085916 0.9997085021442124 12.526969364425307
0.9996972848190645 0.001653986905517919 -0.024544644208279988 -0.29627310786794875 -0.0014190819574039057 0.9999530713258096 0.009584773055697982 -0.32465271502169224 0.02455934619323807 -0.009547036246805193 0.9996527841426414 13.346417082571685
0.9996875345454013 0.0008272969723986249 -0.024983382421213764 -0.31219461398628756 -0.000520807101177842 0.9999245779525505 0.012271575046513853 -0.32846698713667577 0.02499163529132385 -0.012254722256710517 0.9996125281117044 14.103383146669167
0.9996802442591916 -0.0012872130779134625 -0.025254766993249224 -0.325654031887755 0.0015754672438572986 0.9999338545420157 0.011397127466025342 -0.32926631200053014 0.025238404312762794 -0.011433265314285656 0.9996160640218514 14.873075777202665
0.9996866704052015 -0.0021145435083084548 -0.024940486250725088 -0.3445963507122354 0.002329151082373221 0.9999604767597509 0.008578885780192705 -0.32908287873865144 0.024921372785788643 -0.008634290154929291 0.9996521473537826 15.739837857242978
0.99970461813994 0.000201705620040753 -0.02430611227084428 -0.3576229607567819 -7.298605870364669e-05 0.9999860459638507 0.005296515557687998 -0.33006270549540284 0.024306841680589785 -0.005293176357318055 0.999690601552587 16.538130997076873
0.9997254430021636 -0.002649979043707689 -0.02328103664480814 -0.36542939144161957 0.0026430595981304624 0.999996480006613 -0.00032827442305013435 -0.3369123647871178 0.023281828991116218 0.00026665322758462237 0.9997288910238932 17.432240533283643
0.9997273734662031 -0.005490870569844574 -0.022696298775948826 -0.3676643649974436 0.005349479343556861 0.999965971401442 -0.006285893106518057 -0.3495731324643641 0.022730029057431704 0.006162764681720132 0.999722666647643 18.25702149181721
0.9997570479611886 -0.004976086261694144 -0.021471074096972236 -0.3809193176110725 0.004710202145220854 0.9999117885176353 -0.012416465889379821 -0.3641838300623535 0.021530961655801567 0.012312315183691698 0.9996923281477855 19.187535400580508
0.9997674952345873 -0.0037786399615609458 -0.02122844216293586 -0.3922384389391957 0.0034963791772639067 0.9999051953970837 -0.013317897209030706 -0.3826497738585199 0.02127674786911001 0.013240576682928832 0.9996859450235573 20.05102901178292
0.9997632549144533 -0.0034134113688521163 -0.02148887976346608 -0.4050922454789162 0.003140989943177512 0.9999144095756349 -0.012698393439830662 -0.40579713160102354 0.021530378316539006 0.012627889101993289 0.9996884369571407 20.934217964157586
0.999768091665745 -0.0021043992465489907 -0.02143192245233939 -0.4189592549549078 0.0018108743124470028 0.9999044445708645 -0.013706214371598151 -0.43450189941409995 0.021458716651519598 0.013664222898841276 0.9996763675653341 21.921571471434635
0.9997736825325392 0.0004348397014251811 -0.021268415716261292 -0.43619315989801677 -0.0007716755370828369 0.9998744314660558 -0.01583207692125765 -0.4613697097628654 0.02125885189107914 0.015844905474755276 0.9996484604334331 22.834007804585248
0.9997649477214448 0.004124603273581242 -0.02128403477597843 -0.45017163623079554 -0.004480800578389589 0.9998503215505125 -0.016715155678854603 -0.49116071571331144 0.021211914214227804 0.016806596043592918 0.9996337494041065 23.858973207484624
0.9997583223759224 0.005842797030126362 -0.021188252505206354 -0.46732243607072854 -0.006194065990072055 0.999843848407781 -0.016551144592111832 -0.5194074869156339 0.021088240076511024 0.01667838636746516 0.9996384871264908 24.796182359572068
0.9997478713602532 0.00671815219919369 -0.02142298424671238 -0.4867264041246803 -0.007071028198795598 0.9998398717125158 -0.016438937072890455 -0.5507033169273762 0.021309118091659994 0.01658627420546241 0.9996353258508931 25.83313041596909
0.9997438002471216 0.006750057196197733 -0.02160537197681452 -0.5045005536063687 -0.007108231622703617 0.9998378991697263 -0.016544328588513894 -0.57976157690648 0.021490196495767316 0.016693663631739807 0.9996297059536333 26.783583362000726
0.9997310035280325 0.007505280313937173 -0.021944969898293205 -0.5238632801509501 -0.00784561975534648 0.9998497004925646 -0.015464125208985336 -0.610010100880093 0.021825604394398245 0.01563213744430791 0.9996395636918605 27.741123518491356
0.9997182755153262 0.008242510189124972 -0.022255666160635578 -0.5455769100305157 -0.008543545302467571 0.9998729103087535 -0.013465402674679341 -0.6424640072740224 0.022141852582669104 0.013651753161579102 0.9996616111777821 28.804103233371336
0.999705412938998 0.00889191924490578 -0.022584267222346195 -0.566125801161704 -0.009169029669793587 0.9998836009313147 -0.012196281825584954 -0.6719543314182012 0.02247319793873112 0.012399763070583122 0.9996705549094608 29.77781298990935
0.999704984741439 0.008786808073621748 -0.02264221975966969 -0.587851888007956 -0.009082545403453922 0.9998744007502014 -0.012991908187089536 -0.704552467436075 0.022525216689181886 0.013193724028613848 0.9996592195206206 30.85549794281106
0.9996914455275837 0.009820734798368482 -0.022814068093476223 -0.6097878972109922 -0.010144848562850589 0.9998486342328409 -0.014134780394767232 -0.7329844406439954 0.022671813444111726 0.014361863817703721 0.9996397726047656 31.842273845955457
0.9996860263487752 0.00965682055111691 -0.02311957874390694 -0.6316638839868194 -0.009970739403776775 0.999859180038564 -0.013501646515820757 -0.763126004471433 0.022985931844110317 0.013727927018284384 0.9996415394927634 32.83621179968693
0.9996761761410845 0.00892274350276675 -0.023831415240920296 -0.6549181449411934 -0.009177898499474865 0.9999015189847027 -0.010618931037384219 -0.7949985120780432 0.023734312119922465 0.01083421411298077 0.9996595678284673 33.94127654188571
0.9996666199000338 0.009158765573398685 -0.02413944501856659 -0.6775952594857324 -0.009336133201045212 0.9999301626879806 -0.007245224587712685 -0.8228380341950727 0.024071383449754367 0.007468181354743338 0.999682284897247 34.95362793295215
0.9996520241237365 0.00934363188314563 -0.02466994647083852 -0.7036373168573227 -0.009458950025104263 0.9999449025487623 -0.00456190270033109 -0.8513668991506366 0.024625962314681688 0.004793669443657019 0.9996851927374502 36.075472146679665
0.9996397668598307 0.00928706145269541 -0.025181379579857926 -0.7298490455493132 -0.009388912495862593 0.9999481997013778 -0.003929504590391646 -0.877504622166565 0.02514355956557368 0.004164516133532627 0.9996751673438377 37.097299883727615
0.9996345556356956 0.008709786418568708 -0.025590910504518904 -0.7497144046941082 -0.008854214815896004 0.9999455823911613 -0.005535984324698425 -0.8991743199412904 0.025541303515606052 0.005760550316729962 0.9996572160364354 38.228011885510206
0.9996241466846699 0.008914040238087543 -0.02592301007038487 -0.7619333846033693 -0.009068442520163728 0.9999418101651284 -0.0058447461004081875 -0.9158705008266024 0.025869395165725166 0.006077632340405028 0.9996468138670505 39.259407837264355
0.9996128293741269 0.008698900373175592 -0.026427716177618854 -0.7832321638851363 -0.008835413674995043 0.9999482718931205 -0.005053301435302785 -0.9399427347663314 0.026382383851655013 0.005284846016480966 0.9996379760554636 40.29361827742184
0.9995917050274626 0.008663121963137182 -0.027229571485760468 -0.8105153658859172 -0.008743409645981097 0.9999578223956204 -0.002830869100230112 -0.9695730445655126 0.027203889318299916 0.0030677928367276973 0.9996252246608683 41.43039888784193
0.999575857943962 0.008753468164078805 -0.027775623243699806 -0.8378743886440585 -0.008772132173239213 0.9999613584569084 -0.000550081073545449 -0.9960618291506604 0.027769723760158904 0.0007935003110716358 0.9996140379876522 42.46361952611635
0.9995474093575383 0.010302665023290638 -0.02826355734270492 -0.8699776323823007 -0.010309379287317375 0.9999469044717646 -9.181379838650171e-05 -1.0259806689386726 0.028261116701425133 0.00038315280331528733 0.9996005004235008 43.596087247432685
0.99952879760794 0.010992706473425675 -0.02865985588478363 -0.9035996534301456 -0.011111489802118412 0.9999304100526286 -0.003988647866736238 -1.0461393145254514 0.028614016769182283 0.004305222251820183 0.9995813084085523 44.61895281080387
0.9995085327270661 0.012449371715278898 -0.028770094735811737 -0.9444512007045593 -0.012700364512144723 0.9998826907248034 -0.008557751655354762 -1.0646193343962203 0.02866019028908746 0.008918932642944803 0.9995494325630313 45.7416253531128
0.999494619609946 0.0131819928511141 -0.02892658774051681 -0.9795759679046604 -0.013449120114029179 0.9998685099666959 -0.009059593207952266 -1.0865747875908303 0.028803365999887698 0.009444050457269664 0.9995404736872578 46.7700076337312
0.9994997298891565 0.013273231352744837 -0.028707420911633284 -1.0121897901542003 -0.013462087760453663 0.9998889475407604 -0.006395466865753813 -1.1083584830750632 0.0286193372497232 0.006778730066984347 0.9995673771417831 47.803560212574176
0.9994930824430949 0.01419136000112503 -0.028497817280495257 -1.0484619808852849 -0.014311036004670655 0.9998896022161129 -0.003999955686612559 -1.1299487892641076 0.02843789590345876 0.004405759632051825 0.9995858862584683 48.9402902965015
0.9995227318035441 0.012087481903827142 -0.02842951833129817 -1.0765996605835082 -0.012169996994839699 0.9999222609186112 -0.0027312022231729717 -1.147257769007892 0.02839428390352084 0.0030758878348437386 0.9995920533857275 49.97471059606914
0.999521523509406 0.01298945907928591 -0.028071287109494924 -1.111210052653263 -0.013065027948974794 0.9999115623938004 -0.002510239362715042 -1.1675261822102705 0.028036179866829918 0.0028757928809285144 0.9996027838475842 51.110062490891806
0.999557757908897 0.010879414770576929 -0.02767176798065802 -1.1404020686304808 -0.011029568854230311 0.9999252096602691 -0.005279442788685736 -1.1829847188719844 0.027612263751272764 0.0055823186251259425 0.9996030538989092 52.14035091097607
0.9995464721433018 0.012046765091769987 -0.02759805642208388 -1.1735363707754616 -0.0122635777974997 0.9998951722638251 -0.0077002794584074725 -1.1973840678702923 0.02750240099926333 0.008035238919941599 0.9995894246275385 53.167248540594215
0.9995606091790777 0.011024893462009454 -0.027514195305452415 -1.2083431944405323 -0.011298734045930197 0.9998879779152738 -0.009817112017645195 -1.219479140636829 0.027402874592975995 0.010123673764766458 0.9995732090921081 54.300146971813135
0.9995748698991902 0.009693173108505196 -0.027498540711957536 -1.2452097779241957 -0.01004584237515898 0.9998687342282019 -0.01271606446440911 -1.2414686926779224 0.027371662158417197 0.012986903202698847 0.9995409594614667 55.323641291265595
0.9995943435958414 0.007914030689002557 -0.027359856076928684 -1.2805536109180895 -0.008335104202473766 0.9998481172012116 -0.015310594769043112 -1.2708666031424183 0.02723452781155128 0.015532428767588697 0.9995084567000136 56.45444888514875
0.9996084187072125 0.006559062595786006 -0.02720127719559216 -1.3163157666681795 -0.006925250602950711 0.9998863676812284 -0.01338993918024268 -1.2977147976473717 0.027110381698334143 0.013573068977046897 0.9995403223935471 57.48374442997266
0.9996174180893889 0.005287713595184375 -0.027147536105547532 -1.3508921148256896 -0.005479012201476524 0.9999607335125467 -0.006977250448382285 -1.3212520617997496 0.027109575729102012 0.007123325490465758 0.9996070759637624 58.62892793161595
0.9996299195173147 0.004235468786930145 -0.026869660169265022 -1.3844297776153602 -0.004267889621490347 0.9999902381010677 -0.0011494411501342964 -1.3368950256606762 0.02686453013875096 0.001263695132641726 0.999638272783719 59.670460572641204
0.9996388795367112 0.002688751347237132 -0.026736240077093413 -1.4141428163289937 -0.0026820310517351844 0.9999964299340519 0.0002870259646384377 -1.351737186840119 0.026736922575305657 -0.0002152117392385529 0.9996424841314238 60.71044736951441
0.9996486771615614 -0.0006358811904352695 -0.02649769928269326 -1.4420832376951491 0.000553019116449816 0.9999949589208339 -0.0031343942243949987 -1.3628524932318338 0.026499566192695972 0.0031186371136266077 0.9996439956512985 61.84897353859162
0.9996465979247386 -0.0025288217306282525 -0.026460003468809286 -1.4658841255942114 0.0023630716340466793 0.9999773790785679 -0.006293810194272754 -1.3748163283236434 0.02647531891744256 0.006229060023925789 0.9996300216613507 62.88451470309391
0.9996486889414321 -0.0005356224304605216 -0.02650063540433708 -1.4978596267754252 0.00026221087850010743 0.9999467419846529 -0.010319737915728718 -1.3941651246777838 0.02650474389479928 0.010309161367388601 0.9995955741798133 64.02338745520422
0.9996494640797711 -0.0012617336962850191 -0.02644529837181439 -1.5248281009981828 0.000869592667488395 0.9998895626500517 -0.014834728665719703 -1.412745510691497 0.026461091227884564 0.01480652790012615 0.9995402038144973 65.06095226747459
0.9996618384789274 0.0018371394032677736 -0.025939752407758167 -1.554053436997622 -0.0022483074693432736 0.9998721792920768 -0.015830655826671352 -1.4327783769218116 0.02590736783044348 0.015883621425066524 0.9995381546133761 66.10282872037759
0.999666564870841 0.006923664869568297 -0.024875818810203613 -1.5904379100556119 -0.007221489791796229 0.9999031081296064 -0.011902630863228696 -1.4584645812412578 0.02479100501976528 0.012078302123202496 0.9996196888342122 67.25459453670302
0.9996589294365935 0.008396237059230007 -0.024731314287726527 -1.6195269213138517 -0.008631983737040138 0.9999182296239728 -0.009441009365300412 -1.480781345883432 0.024650024454837473 0.009651268158699846 0.9996496128740618 68.30028349902454
0.9996611624157501 0.0075985994639390314 -0.024895462116675596 -1.6465724796575432 -0.00782819341805182 0.9999276364728461 -0.009137954420495855 -1.5000001768013032 0.024824222728588988 0.009329743236352188 0.9996483289202273 69.44550505845105
0.9996750715953506 0.006174439692170227 -0.024729559245369695 -1.6694583889757655 -0.006380555763867923 0.9999454678135903 -0.00826461450586958 -1.5200566601544045 0.024677169045974702 0.00841971870568777 0.9996599882326592 70.4885776605747
0.9996742283025364 0.004963993521029003 -0.02503376583512052 -1.6953081266841903 -0.005135541947550736 0.9999637984114964 -0.006793223791034669 -1.5407858916103598 0.024999133250960457 0.0069195763740749015 0.9996635124896657 71.63496025774997
0.9996733751937513 0.00345192794311352 -0.025321081356613435 -1.7206951571164932 -0.003580415531774497 0.999980980447023 -0.0050308924448661555 -1.5639480137974675 0.025303226311731465 0.005119909886707621 0.9996667511184414 72.67561362953704
0.9996591324787306 0.002308637665194171 -0.026003061375305038 -1.7499825762857528 -0.002388237445702089 0.9999925552423777 -0.003030658969068308 -1.589899625376591 0.025995855225405876 0.0030917269883742357 0.9996572533242063 73.71109496769353
0.999644224957054 0.0015420745624881928 -0.026626179891263292 -1.7815199968931292 -0.0016544860295568033 0.9999898094215902 -0.004200360046672563 -1.6167971739829659 0.026619446906008173 0.00424291843807071 0.9996366307289235 74.8459846592433
0.9996307288304276 0.0016550808418318427 -0.027122161080059406 -1.813646899600317 -0.0018714158093282077 0.9999666467284303 -0.007952947713197085 -1.6408050520910995 0.027108090969670585 0.008000765681014318 0.999600520749099 75.87044393424813
0.9996106881669486 0.0022659244325594886 -0.027806946249451816 -1.849998208545271 -0.00255407711896517 0.9999433626397682 -0.010331594030682073 -1.6690632653873627 0.027781976723442445 0.010398592002793703 0.9995598877337656 76.99891174572433
0.9995903311336668 0.004289903318495455 -0.02829729404937262 -1.8889001688217575 -0.00453975871180798 0.9999512000610284 -0.0087713100359814 -1.6992462760826335 0.02825828877969444 0.008896177226024423 0.9995610686149649 78.02316786177002
0.9995699736615928 0.0052683447303568005 -0.028844892184390607 -1.9261307580030436 -0.005409788033591319 0.9999737053865843 -0.0048277850520835105 -1.7276384112299115 0.028818699850349887 0.0049817554602021195 0.9995722010301352 79.0495723694425
0.9995419055085626 0.006926718831778915 -0.02946059861289208 -1.968214096796751 -0.006941154779031527 0.999975847704127 -0.0003878563229844313 -1.7567810323086785 0.02945719792230696 0.0005921725154443104 0.9995658395064209 80.1748726602245
0.999522303591615 0.00806095601627368 -0.029835924323620016 -2.00435171181046 -0.00804125373741861 0.9999674037171105 0.0007801963112142487 -1.7766772347926865 0.02984123811421134 -0.0005399026444818917 0.999554504948948 81.19397212604522
0.9995065273857918 0.007850045246449323 -0.030414998244866612 -2.043143023379417 -0.007903038320027724 0.9999675108965403 -0.001622514908978631 -1.796131396925429 0.030401286694115223 0.0018620876825190872 0.999536040858503 82.30618466864316
0.9994894075810273 0.00762014366199201 -0.031028027854430665 -2.0778020072674317 -0.007706136010765408 0.9999668099075594 -0.0026528206604999717 -1.8160426222708188 0.031006783370470067 0.002890575253772962 0.9995149185944651 83.31273832728222
0.9994757974320287 0.007231217370254881 -0.03155700646234899 -2.1156109152275504 -0.007310844053912032 0.9999704379606421 -0.002408690951475065 -1.834208446256672 0.03153864660760388 0.0026381391998873426 0.99949906122954 84.40863066664238
0.9994619302785088 0.006011526051054096 -0.03224411894053174 -2.1483204896008568 -0.00608592225344756 0.9999791006817242 -0.002209707718360706 -1.851826161123118 0.03223015348633421 0.0024047539443913264 0.9994776240611956 85.39270862784997
0.999449040746579 0.004600763274734591 -0.032867791043955395 -2.1817560224985435 -0.004628131800743427 0.9999890106200608 -0.0007567339275736018 -1.8675985981495544 0.03286396611704521 0.0009084340920668251 0.9994594658039969 86.36437101229497
0.9994321451919821 0.004801769762303781 -0.03335103752179591 -2.221539860112101 -0.004738736607169851 0.9999869344130047 0.001968611092540364 -1.8864824947707333 0.03336003429174443 -0.0018094482096949241 0.99944176284643 87.41369575225205
0.9994046420810884 0.004090878550667677 -0.03425944174420391 -2.2574960747337713 -0.003980194051231593 0.9999866817808502 0.0032983101271745726 -1.9043281788671593 0.03427245871517893 -0.003159987829170176 0.9994075862357568 88.34870233123955
0.9993310907155132 0.003027362498883026 -0.03644474513293512 -2.3009752239015264 -0.0029082767714885623 0.9999902823204271 0.003320081651286693 -1.9271881819204704 0.03645444448962093 -0.003211868032991258 0.9993301943071169 89.35284450832569
0.9992136190111918 0.0021984229614810074 -0.03958893350048746 -2.3403276220184313 -0.002090008626925091 0.999993995501681 0.0027795987083796166 -1.947771241276235 0.03959479370955538 -0.002694666578106748 0.9992121750546799 90.2454103011968
0.999076111916368 0.0022615077573453486 -0.042915356947296354 -2.383866594494803 -0.0021814039064274003 0.9999957697893243 0.0019132661285312172 -1.968680620480676 0.04291951192868378 -0.001817880935864269 0.9990768499822238 91.11539719499578
0.9989307995577896 0.0019083308207737655 -0.0461911803890044 -2.4310989560236402 -0.0018282124979568004 0.9999967960389966 0.001776573612912936 -1.990860401591788 0.04619442593107844 -0.0016902220154212152 0.9989310166696939 92.05024203060827
0.998783120635176 0.0029395951231685224 -0.04922927381953857 -2.4810241247733646 -0.002780080854589433 0.9999906607060778 0.003308351471950808 -2.018192548011277 0.04923854227381191 -0.0031674642497905225 0.9987820253006993 92.87800328839513
0.9986170001119529 0.004030573336815348 -0.052418625118400786 -2.5354974077633052 -0.0038092081016619208 0.9999834233670566 0.004322163242327648 -2.0418123414507012 0.05243517157137094 -0.004116507665779743 0.9986158307006997 93.76124377633916
0.998461653812039 0.004954061368324443 -0.05522471650685294 -2.589261124954148 -0.004638077765901841 0.9999721568614846 0.005848438229020849 -2.0626556039288015 0.05525215126565996 -0.005583302206550585 0.9984568382068167 94.5412857301745
0.9982900191463178 0.006586735282580891 -0.05808263253167139 -2.647867411793089 -0.006203351727791385 0.9999577835748278 0.006778453241517292 -2.0810581305452724 0.05812483019656273 -0.006406552199498669 0.9982887036878081 95.37045082299527
0.9981374684220515 0.008616900533664163 -0.06039246527526287 -2.7055699580651114 -0.008186375102609842 0.9999393769349341 0.007372526201992657 -2.101640360812822 0.060452335967606644 -0.006864395303799628 0.9981474782090096 96.09745050781778
0.9979592562606338 0.01046427695957876 -0.06299107293334422 -2.7626766045044024 -0.010069835058896193 0.9999277367635055 0.0065760865479330384 -2.1231092511354817 0.06305531697777389 -0.0059283520270007545 0.9979924240911685 96.7950785159121
0.9977670507341172 0.011948705136603153 -0.06571322278564123 -2.8240973080645344 -0.011777552798093368 0.999926239538531 0.0029913085770387603 -2.1469378965823034 0.06574411848580994 -0.0022106844386042533 0.9978340807591364 97.52931944226162
0.9975776882505435 0.014164774047504321 -0.0681035302363769 -2.8795464670487347 -0.014247701835404348 0.9998982593099998 -0.0007320456692999028 -2.165762796520759 0.06808623973738633 0.0017005933407036999 0.9976779667971434 98.16725158560648
0.9973864373980865 0.01628095065887442 -0.07039407310993934 -2.9377281250911875 -0.01656847464008092 0.9998566379725664 -0.0035024762127896206 -2.190270320459054 0.07032694439158534 0.004659644006410549 0.9975131312499287 98.83734378823917
0.9972910629048788 0.01782865090876379 -0.07136288201284038 -2.9877045363239016 -0.018207685908650968 0.9998233698171713 -0.004664321762682045 -2.2141622930977274 0.07126712426988253 0.005951037696680808 0.997439552993596 99.41899533527386
0.9972948944238282 0.02020257024123463 -0.07067288433541688 -3.0366428853733813 -0.02055006450222151 0.9997800339012515 -0.004193225479156517 -2.2374934406276767 0.07057264769101977 0.00563421603150767 0.9974906847190163 99.97710038261849
0.9974124097666306 0.024094940147022237 -0.06773277855524042 -3.08780478534897 -0.024312332935666033 0.9997015797225272 -0.002386943604630695 -2.2650413151372577 0.06765505412880414 0.004027511170175194 0.9977006061209416 100.56907066995718
0.9976736813049651 0.026891382236477843 -0.06264251489363232 -3.126614817555818 -0.02699525133673849 0.9996352453146705 -0.0008121437427830306 -2.287345020169006 0.06259782863271401 0.0025013047188513333 0.9980357243257525 101.08577540106788
0.9980987710599898 0.027752391970491615 -0.055032892515274254 -3.1579896089613415 -0.02773573899012272 0.9996147698839749 0.0010665482299534832 -2.3078686638265493 0.05504129357047132 0.00046185661561392655 0.9984840446436061 101.62981740877649
0.9985620635715046 0.027612161689916048 -0.04594839601140636 -3.177348604901477 -0.027482594006814406 0.9996163614386762 0.0034493743314713424 -2.3232057274144005 0.04602600594959446 -0.0021816314628814227 0.9989378498410219 102.1040115343631
0.9990660907775663 0.027150265456141003 -0.033611374705226196 -3.192023750635881 -0.027001440744870556 0.9996235386906027 0.004873999724871012 -2.3462207381605773 0.033731056765742416 -0.003961889267771499 0.9994231113476423 102.60295642193077
0.9994330333175261 0.026413203154679692 -0.020878083088923638 -3.197095030073423 -0.026314451129380762 0.99964127136759 0.0049908164450616944 -2.36527596594497 0.021002400420626385 -0.0044385889998523245 0.9997695266113648 103.03388071753335
0.9996477738735868 0.02606010675534701 -0.005007678575824546 -3.1925770340406396 -0.026039484940203673 0.9996523066410697 0.0041408550539780665 -2.3891525940689253 0.0051138571595972385 -0.004008998160340171 0.999978853335447 103.48909547304415
0.9996228905876645 0.024715697282566555 0.01196822679549789 -3.1776738318096696 -0.024734613749776986 0.9996930423320946 0.0014348017276418277 -2.40651392768956 -0.011929089616014245 -0.0017302888099153667 0.9999273608401325 103.89125115487288
0.9992014353888233 0.024118344292520768 0.031856268105267274 -3.1534923968127293 -0.024038451771590738 0.9997068566055947 -0.0028887026983015537 -2.428212037622985 -0.03191661785916031 0.002120620234624024 0.9994882912669752 104.28465206373393
0.998123023966785 0.021905526402345436 0.057188474281815206 -3.110484279804438 -0.02148027164528656 0.9997369248384931 -0.008040316340464242 -2.4462272368993108 -0.05734956790796928 0.0067967998571131965 0.9983310052715052 104.70754627533461
0.9963595225460641 0.019677687801668887 0.08294918805889541 -3.058869392025893 -0.01885185768547509 0.999764773652621 -0.01072743778126446 -2.467803286965852 -0.08314078977539459 0.009124640483944672 0.9964959681870259 105.08598349902533
0.9933177380852147 0.016858725758722465 0.11417371427405687 -2.9870771324526357 -0.015581784994711398 0.9998058340433547 -0.01206746867715029 -2.484600608436217 -0.11435498853079179 0.01020779889264096 0.9933875412231922 105.49097398296398
0.9893509388696665 0.0144986589868428 0.14482558880941035 -2.9084674901583534 -0.012659685617633925 0.9998271892018367 -0.013611418370823346 -2.503312267417376 -0.14499793836675387 0.011633023560183234 0.9893634971677717 105.8512695087465
0.9832232427839541 0.011650498232502736 0.18203386077433173 -2.805466229576348 -0.00898354720411401 0.9998400487415707 -0.015468556836403084 -2.5238600344067086 -0.1821849633006052 0.013573731856026013 0.9831706177655393 106.23641993283357
0.9757963868059725 0.008321106805270715 0.2185226463678605 -2.696158237806558 -0.0049728894752226315 0.9998617976882165 -0.015867581630762052 -2.54461802755727 -0.21862448873909046 0.014396840745585523 0.9757028375827004 106.57939629253809
0.965457776972659 0.005713424237951218 0.2604966842415555 -2.56032758901528 -0.0014347079303559385 0.9998610061206228 -0.01661240950106364 -2.5625943446134576 -0.26055538389228855 0.015664841192296202 0.9653318369422887 106.94428707014158
0.953907013296728 0.006043178979880251 0.30004134846431074 -2.4271379857853423 -0.000815012900493269 0.9998456952038143 -0.01754691482786751 -2.5817016793595617 -0.30010111866046285 0.016493584373296483 0.9537647840605966 107.26690654499393
0.9396300910328372 0.008154062202796917 0.3420946595156931 -2.2818948935790058 -0.0021294364700192876 0.9998360635939318 -0.017982858725694523 -2.5966554304565252 -0.3421852173291702 0.016168765306510357 0.939493374395607 107.57972603293938
0.9212450117225564 0.007898245762144682 0.3889026674953398 -2.103259996187282 -0.001405306710484844 0.9998549340326177 -0.016977171259235646 -2.612399252615265 -0.38898034946607857 0.015093602586564631 0.9211224463391586 107.91202740789635
0.902282468050756 0.0070243991741013555 0.43108820831017175 -1.9237494218150537 -0.00029004183068208095 0.9998769784395154 -0.015685501980989246 -2.6245176196416824 -0.43114536000994375 0.014027716198409848 0.9021734785570927 108.20184655832514
0.8783782602081471 0.005458145023505725 0.4779348606574147 -1.7116916275091645 0.002429998053484225 0.9998709058107842 -0.015884788713808204 -2.638537896200768 -0.4779598859359138 0.015114232020261954 0.8782516226231613 108.50459852077444
0.8546332252067524 0.005506679569101813 0.5192029402203541 -1.5074099353611534 0.004221385767677242 0.999837074633916 -0.017552896183963433 -2.6520312077397965 -0.519215012178953 0.01719304258819026 0.8544706801783267 108.76669896770282
0.8260094840573354 0.007260681398842193 0.5636093823359201 -1.2709019406669784 0.005270889585270344 0.9997738197698133 -0.02060441757337938 -2.6669613981003115 -0.563631527915058 0.01999016382468195 0.8257843916527563 109.04377140022133
0.797134887643546 0.01144903884027673 0.6036927480915101 -1.0453617709095246 0.004201811101995761 0.9996908852655799 -0.02450735276482817 -2.679329274172199 -0.6037866941069364 0.022072264363500353 0.7968403311306892 109.28749190875233
0.7619839711740445 0.017463898558490672 0.6473603050631019 -0.7813577656668396 0.0013647685432209885 0.9995908264118835 -0.028572472695710147 -2.688180100008187 -0.6475944413634712 0.022655258936255696 0.7616483636215142 109.54793279729572
0.7267088758047868 0.022065777170151055 0.6865910708251204 -0.5260871805617113 -0.0010678062064262558 0.9995190733564292 -0.03099251554178087 -2.69556337476123 -0.6869447547630435 0.021789384664096686 0.7263829523913905 109.77303902240975
0.689345572060473 0.02261961033758357 0.7240793476406608 -0.2548228934160786 0.0005162817833628488 0.9994968660676604 -0.03171493010361378 -2.7074378746322108 -0.724432425456443 0.022236374436231297 0.6889870495158773 109.98227490930728
0.646639324386479 0.019612210054174524 0.7625437385492456 0.06517935039292254 0.005409275408595164 0.9995264444656851 -0.030294359356115748 -2.72031948857976 -0.7627767765844535 0.02371432889134218 0.6462269563690087 110.19384426432102
0.6048520208684967 0.017430649514930684 0.7961470405479469 0.3693355912677985 0.006608888139076952 0.9996161067534776 -0.02690628558242394 -2.728795628508275 -0.7963104044571859 0.021535966152634745 0.6045046011298063 110.37582173530606
0.556364517496884 0.015592104507645803 0.8307919588201945 0.7184040741124891 0.007826651879934948 0.9996813191067637 -0.02400312569798215 -2.7384469085885423 -0.8309015272140998 0.019856804163851098 0.556065150561974 110.55872821984237
0.5108558243944272 0.013328964381701973 0.8595630443779844 1.0482872227788795 0.009296937679750674 0.9997356678576031 -0.021027936028400085 -2.749552992285337 -0.8596161728451337 0.01873354421109358 0.510596799829868 110.70730121303782
0.45780504779688297 0.008595427414167052 0.8890109500168011 1.426819416257169 0.012127045547584911 0.9997998745693383 -0.01591153467664134 -2.761362587231896 -0.888969856359261 0.01806545556698218 0.4576092181998737 110.85050691395043
0.40835647329246033 0.008279205514684255 0.9127849993589028 1.7779092745227945 0.009854039910107885 0.9998606476389691 -0.013477451914016857 -2.7738324080026016 -0.9127693746115562 0.014498220475375481 0.40821799490130417 110.969542874096
0.3594532634563749 0.012223440258564082 0.9330829711873636 2.1364983544890372 0.006254866311739861 0.9998602311081977 -0.015507799399009044 -2.785319051209829 -0.9331421413206793 0.011410637161680436 0.3593265329026705 111.074222244635
0.30621162024169096 0.01795660844811914 0.9517940781396332 2.542460909601374 0.0057111993796875385 0.9997694570912651 -0.0206991290973541 -2.792882425916644 -0.9519463109972014 0.011774198633228447 0.3060384573937317 111.16983451943432
0.2610173164889529 0.020140809012516605 0.965123938848562 2.927276471890263 0.0068075946677257065 0.9997191295129372 -0.022703874106227664 -2.8026345705619793 -0.9653101685122973 0.012496274511804456 0.2608068835345103 111.24326118136364
0.21688644674013863 0.01965636481512188 0.9759989235275633 3.367935287075479 0.01375503779242936 0.9996364993473104 -0.02318906861771215 -2.8154564709523284 -0.9761000243941517 0.018454289504943395 0.21653723624016707 111.30409202822081
0.18263218209634688 0.019224497255657218 0.9829932635140246 3.7833163136218237 0.02166739195375629 0.9994873211746074 -0.023572700942552427 -2.826299133747044 -0.9829425355078096 0.025604030855341763 0.18212201688507454 111.34571689950015
0.15004455573543898 0.020914202377995666 0.9884579319110361 4.253783804965982 0.026945771872552475 0.9993183570603533 -0.02523427127201971 -2.837837423591477 -0.9883119701831121 0.030421021960195936 0.1493787327176106 111.38901705139027
0.12266794215736168 0.01935523508279659 0.9922589995667567 4.699498370260171 0.02536696530234593 0.9994220522536176 -0.022630953299877184 -2.8537828820819655 -0.9921235031138043 0.027946687831520548 0.12210606432969191 111.43015919179385
0.09761722261558248 0.01576859938452324 0.9950990881329759 5.164201027132849 0.018908451493299946 0.9996646004043584 -0.01769583276594731 -2.867807042181336 -0.9950444139346463 0.020543195254904605 0.09728631773311702 111.47009689679261
0.07188061118224552 0.012109261289359415 0.9973396916744769 5.693593474177016 0.013788608307100828 0.9998187208959506 -0.01313314014814414 -2.8834122732325884 -0.997317952254032 0.014695942215390057 0.07170060813918964 111.50150378026657
0.04975935475828842 0.009052536877193219 0.9987202187043925 6.193321868410232 0.017031688439891293 0.9998058893335211 -0.00991095305061153 -2.8987575727834645 -0.9986160786894781 0.017503049337591062 0.04959551150287951 111.50953730626786
0.02994463465347056 0.00909546176630179 0.9995101278987123 6.707618087939137 0.024332683293790396 0.9996556597248392 -0.009825778539426332 -2.913394903248273 -0.9992553622942328 0.024614988681303508 0.029713003692599136 111.50061944680233
0.010751309140684586 0.01134434321064985 0.9998778038363032 7.293745530577265 0.02993335458109144 0.9994838940630162 -0.011661738218296545 -2.9273817150142794 -0.9994940480610703 0.03005507231238556 0.010406173508441169 111.4828421661346
-0.00328422532214846 0.01683660861320487 0.9998528058018891 7.844293601281768 0.03162905090499154 0.999359749367419 -0.016724417276900504 -2.932492971267877 -0.9994942564719638 0.03156946501492961 -0.0038146611015597064 111.47288969143663
-0.015506627717444835 0.022003918097297823 0.9996375356631382 8.473835968106547 0.028641028702310233 0.9993574236847627 -0.021553465866261452 -2.9402658088900555 -0.9994695196393025 0.02829642196413225 -0.016126876734830358 111.46397871333227
-0.02201636119904067 0.02266041688258141 0.9995006854354046 9.068401456073643 0.030759814533587303 0.9992851766043566 -0.021977975977126443 -2.9503081634347623 -0.9992843138268888 0.030260577538939945 -0.02269765359977032 111.44483876256481
-0.024969093228846048 0.01855674931917266 0.9995159217696606 9.686674170694399 0.03641819110711573 0.9991809900606309 -0.01764076283039171 -2.962851505432151 -0.9990247021002875 0.03596008249458665 -0.025624449114798577 111.41622871378753
-0.024805720877226597 0.017443177383878846 0.9995400783510203 10.382761434390197 0.03916886898511974 0.9990970031910626 -0.016463390360442687 -2.977515722996173 -0.9989247428400441 0.038742459384891875 -0.02546655962240754 111.39360948070181
-0.02320341427962122 0.016584139666102667 0.9995931786810324 11.033722408674512 0.03867643861302449 0.9991288161044091 -0.01567864884764863 -2.990673424804922 -0.9989824436912901 0.03829689693162969 -0.02382462112892006 111.38007648758266
-0.021748662207312155 0.01653945143411326 0.9996266224635911 11.766977489610365 0.034106866152908165 0.9992934406243605 -0.01579188765213002 -3.0073564247018307 -0.9991815226608796 0.03375067319985055 -0.022297408421890107 111.37280905661055
-0.02071419165694263 0.018353665875565972 0.9996169088800827 12.447400776692458 0.033720852011540424 0.9992755053020549 -0.017648632018748434 -3.018153900842294 -0.999216610804574 0.033342351976663624 -0.021318079328581076 111.35875319455972
-0.020003229200129903 0.01891289095706069 0.9996209989297533 13.142939064066008 0.03317234132037539 0.9992831979620382 -0.01824269784899 -3.0309388142169595 -0.999249480661563 0.03279484979135384 -0.020616285492048303 111.34389875275654
-0.019441420283139835 0.018480504480549928 0.9996401112120339 13.924379714192717 0.03294727524385538 0.9992979869365497 -0.01783341064771129 -3.0489423667196367 -0.9992679820282901 0.032588706407444094 -0.02003665181202097 111.32705846786145
