1.0 0.0 1.4342159554608694e-32 0.0 0.0 1.0 0.0 0.0 -1.0833355937178202e-33 0.0 1.0 0.0
0.9999958436909366 0.0027635056961883286 0.0006600093591578066 0.0037409252866638823 -0.0027648805810087562 0.9999939532005154 0.002097572493474986 -0.1781299151093965 -0.0006542059391529888 -0.00209938635471902 0.999997555029253 0.7783061691836795
0.9999841203567743 0.005413608357396883 0.0015077515976399465 0.006643055580525616 -0.005418248047063795 0.9999805457508044 0.0030916717221362655 -0.3544280795538031 -0.0014909741632221163 -0.003099790808964859 0.9999940637905333 1.5704832935558106
0.9999738293085614 0.0068473950980532175 0.002336019798750704 0.020577707414830337 -0.006854266894412349 0.9999721193396915 0.0029454026655878736 -0.5494932673715845 -0.002315789138813713 -0.0029613376024227524 0.9999929362224894 2.3760267477721304
0.9999577778024975 0.008754912540532862 0.0027565107230908513 0.02939069675365176 -0.008762831872177421 0.9999574344978897 0.002876063349430688 -0.7245229299936017 -0.002731210331184994 -0.002900095333376981 0.9999920458858315 3.130133344529612
0.9999540644254523 0.008903050199444401 0.003541241381770145 0.03296432931883011 -0.008913250396516597 0.9999561450896477 0.0028748893143436404 -0.9017445852023454 -0.003515502112243386 -0.002906316885180269 0.9999895788143071 3.8275335699052
0.9999479798788851 0.009217742183819697 0.004373376238096151 0.03815736729410489 -0.009236480907570488 0.9999481549645958 0.004282876123670892 -1.0964384345961442 -0.004333678464812242 -0.004323049198050048 0.9999812660814642 4.601179381771545
0.9999367564899495 0.009893541612320169 0.0053354769778386915 0.05038835878463081 -0.009930833710840909 0.9999260970605608 0.007010071424654122 -1.2722083109320395 -0.005265722980413838 -0.007062612396561007 0.9999612026116286 5.266776087346671
0.9999278100435816 0.009693758511038554 0.007100640182824891 0.051931211848640246 -0.00977420432539113 0.9998874180711478 0.011383644984947311 -1.4687169100588309 -0.006989496624170269 -0.011452225568506674 0.9999099926279349 5.951789381015431
0.9999241826414856 0.008905934582161391 0.008503994190831643 0.06223411517299898 -0.009032743356000223 0.9998468292312038 0.014990978500828731 -1.6467181380327376 -0.008369180778070123 -0.015066655737910283 0.9998514482915077 6.543076952119806
0.9999208955706244 0.008032085755020823 0.009677406761125799 0.07670959146987921 -0.008201250093277527 0.9998120303760405 0.017569601821308012 -1.8238006631839307 -0.00953445980434263 -0.01764758171248843 0.999798870304936 7.115430046000087
0.9999003712696204 0.008450848744149265 0.011303199643214861 0.09128058197083605 -0.008651467059436478 0.999803785682108 0.017819168626329165 -2.0179525491976524 -0.011150387862922665 -0.017915181743210596 0.9997773859741438 7.732192826761834
0.9998724638867759 0.009606123860160234 0.01275593165459532 0.07851266272116751 -0.009808183943011401 0.9998259481985213 0.015874119153624296 -2.194597447056839 -0.01260122558264396 -0.015997203264714415 0.9997926313951067 8.244755988906265
0.9998557210595107 0.009526129968438274 0.014064642422650714 0.05232377521876767 -0.00970267932491429 0.9998743465097462 0.012538226009728103 -2.3933883156327105 -0.013943429410161166 -0.012672880270400304 0.9998225076739382 8.74788267796953
0.9998405620665359 0.008273110419063217 0.0158191591715427 0.045329265060076694 -0.008452981250076813 0.9998999532271188 0.011337392487359236 -2.571197597831001 -0.01572377915227177 -0.011469303924058415 0.9998105738544423 9.17885283006723
0.9998314275091895 0.004693847974168184 0.017746487156330214 0.03572012128070501 -0.004858476362244992 0.9999454209942514 0.009244963067576757 -2.7521349102398136 -0.01770211653949869 -0.009329625820950685 0.9997997611933598 9.591329150666185
0.9998011410304547 0.002301792917783713 0.019806623133768873 0.0471205646272788 -0.0024575327471310364 0.9999662455926521 0.0078424357800591 -2.9487456027124517 -0.01978789927355761 -0.007889552447681423 0.9997730969814195 10.014688575055404
0.9997359951272493 0.006429272667078423 0.02206012889036134 0.041982095541144814 -0.006570548286585385 0.9999583514734193 0.006337550829802462 -3.1304406117330528 -0.02201846414668268 -0.00648082488604621 0.9997365881931 10.389249381661559
0.9996143013184899 0.011199133244815272 0.025410320908153095 0.037442236931881756 -0.011344391698859256 0.9999200633508126 0.0055796295947097676 -3.332184279227355 -0.02534580308862049 -0.005865738686834995 0.9996615026486614 10.727343055347548
0.9995135957562262 0.012059864281148625 0.028758951485528317 0.0316229678627177 -0.012249838668128787 0.9999042337481427 0.006438690865412681 -3.514793369374603 -0.028678546412962594 -0.00678784629549955 0.9995656324473213 11.008441204527175
0.999459106429559 0.008163922516463168 0.031854204380507165 0.04976688629604203 -0.008395938686732865 0.9999391716383536 0.007156887984547061 -3.6911356934793904 -0.03179382550386188 -0.007420460401538357 0.999466947168122 11.27474294818319
0.9993996933137085 0.002726512866018958 0.034537226819745574 0.07083546372855772 -0.002951536322184878 0.9999747476127515 0.006466159361445201 -3.884327219276443 -0.03451872069300658 -0.006564215927439368 0.9993825036341678 11.537224621710154
0.9993168922631768 -0.000754539212751864 0.03694845215529728 0.09539068331288657 0.0004587987633610307 0.999967784664252 0.008011877140679425 -4.05947147780417 -0.03695331228421916 -0.007989451975095431 0.9992850952472287 11.75445043496393
0.9992085648670197 -0.0011338369609447058 0.039761380725477365 0.09055725338022678 0.0007627109903073501 0.9999560147497417 0.009347827654926552 -4.267516861591509 -0.039770238616143885 -0.00931010150723093 0.9991654858452583 11.861556194412573
0.9991289574023916 -0.0003456223280293096 0.041728035411379476 0.09671207354368616 1.8632881977101449e-06 0.9999660839192688 0.00823782851121154 -4.4495113984975 -0.04172946865069954 -0.008230579180106 0.9990951175941986 11.969146178458688
0.9990357111115901 0.00039676611176556127 0.043901481557735586 0.10627275110239622 -0.00068846440585121 0.9999777898643478 0.006629587198645941 -4.629484651082808 -0.04389786704745818 -0.006653418298811662 0.9990139095074579 12.062144364486134
0.9989079403771635 0.0027274106774852684 0.0466414398573101 0.11266601665711674 -0.0029877616561440274 0.9999803173676768 0.005513224927625873 -4.829353652874732 -0.046625486945856776 -0.005646554925751901 0.9988964849298615 12.154346425214275
0.9988149853319505 0.005575060405580644 0.04834764784753998 0.12488498600804235 -0.005832681209886157 0.9999694984564387 0.005189008774640906 -5.010082134892314 -0.048317245830263957 -0.005464858082151949 0.9988171323700034 12.242024044081237
0.9987365213105049 0.007258280796749082 0.04972649869815298 0.10581615679292725 -0.007454814383848667 0.9999651445515562 0.0037679133529217776 -5.220352923193104 -0.04969742028507312 -0.00413385629808371 0.9987557913618865 12.256142062122084
0.9986469432008427 0.006501990842855947 0.05159471172372194 0.10756429866866427 -0.00661130787760268 0.9999762237300083 0.0019483314571135365 -5.402819108720719 -0.051580827860419724 -0.0022868049563236317 0.9986662007435037 12.296671658610254
0.9985797609516268 0.0052560611980137575 0.053016971583051326 0.10567885906664401 -0.005283778004235147 0.999986007358367 0.00038265402097563455 -5.584966204976943 -0.053014218577526424 -0.0006622421604811983 0.9985935981821278 12.325974166807786
0.9985221517493225 0.004425852494075559 0.05416476570090054 0.12071065066152302 -0.004386726227111914 0.9999900543112218 -0.0008411746878169664 -5.778769756620134 -0.05416793784808717 0.0006023256581081488 0.9985317050638828 12.385484420864604
0.9984410535717847 0.005114464063457769 0.055581162331165515 0.1176405682339106 -0.005003486166031531 0.9999851826282471 -0.0021357219946020398 -5.961983045314192 -0.05559126749037871 0.0018542909819817236 0.9984519180970141 12.40577013023955
0.9983594706868042 0.006172351522172936 0.056923129424237294 0.12560839067137525 -0.0059297291941873085 0.9999726146779887 -0.004430164769994467 -6.16041655712236 -0.05694891929759756 0.00408535982708461 0.9983687335172713 12.442717263310843
0.9983154629968091 0.006307194889189364 0.05767534887362694 0.12732767733619826 -0.005936842542890062 0.999960664856891 -0.0065904198598830555 -6.342963319734121 -0.05771464341534542 0.006236904690250003 0.9983137133935172 12.461807295599446
0.9982780897530213 0.005574708074012479 0.05839261868035961 0.14232526635744708 -0.005069086337429617 0.9999483793604691 -0.008803503764982679 -6.520447910990118 -0.05843868822084265 0.008492347284013903 0.9982548630665915 12.504629081287423
0.998308764157176 0.004634232362064891 0.05794939030420531 0.15735868728566632 -0.004009547328157948 0.9999325877204591 -0.010891562082271782 -6.715474079249317 -0.05799596557423752 0.010640784902480367 0.9982601273793249 12.55210863965846
0.9984235000883409 0.00414134049723277 0.0559770340401388 0.16068646286658012 -0.003468453516840991 0.999920633637656 -0.012112610813342107 -6.8933993317569335 -0.056022755276567915 0.011899356938939922 0.9983586297424074 12.59026914153873
0.9985981962102124 0.004333223161555364 0.05275219391449782 0.15089670235909242 -0.0036433327088465127 0.9999066990935868 -0.0131670399484035 -7.091556009844182 -0.052804329061292316 0.01295638953796599 0.9985208021721538 12.619618591356872
0.9987933846395028 0.004942474418745122 0.04886041131173928 0.15193187791727897 -0.004248855975137575 0.9998888383430035 -0.014289732331914495 -7.268433257342766 -0.048925610099183836 0.01406488545470176 0.9987034320595302 12.66412325888945
0.9990425591214077 0.005276685939585078 0.04342821896254189 0.1554600356250558 -0.004610880802667525 0.9998705376090543 -0.015417020186234219 -7.443958270193921 -0.043503942530223036 0.015202015285898098 0.9989376289372444 12.714042845534326
0.9993245941166892 0.005200573316517769 0.036375310516811185 0.15705109739626386 -0.0046115392399568 0.999857214993247 -0.01625825643408351 -7.636556699274392 -0.036454656136135556 0.016079527391333396 0.9992059901527761 12.768427075806759
0.9995528515008634 0.005314312330714369 0.029423760496764984 0.1467554651760151 -0.004813644517890553 0.9998428831076134 -0.017060428827141618 -7.813441676979635 -0.02950980121237685 0.01691116544715541 0.9994213865532425 12.797112080433127
0.9997705182929988 0.00547658355749474 0.020709337478221686 0.1320035280031829 -0.0051001870723944515 0.9998215813810504 -0.01818470857223909 -8.007577264215126 -0.02080522640165158 0.018074910530276385 0.9996201411391334 12.830997862565656
0.9999288783213298 0.004427621822524373 0.011074066502785211 0.12863756163211923 -0.00421179374381258 0.9998021583478763 -0.019437867762600817 -8.181347566505652 -0.011157933112333228 0.019389839909436834 0.9997497363824763 12.88590662679707
0.9999944154758558 0.0030930793870374584 -0.0012716634579191797 0.1182948421178066 -0.0031191897660800523 0.9997731637597466 -0.021068873824102892 -8.356165678536147 0.0012062175515744613 0.021072716821858135 0.9997772878583003 12.943655084605897
0.9998311425004683 0.0022787614550108235 -0.018233152639617965 0.11356621578274094 -0.0027013475959261663 0.9997275071130951 -0.02318582350497217 -8.54607577295866 0.018175354549801286 0.02323115951497329 0.9995649016754387 13.043248195198263
0.9993158673053038 0.002763662676032909 -0.03687908543321536 0.07846803556187021 -0.0036570007574552666 0.9997009921997826 -0.024178190627088907 -8.724393439811164 0.03680124522410303 0.024296515578470373 0.9990272040392942 13.107059323675973
0.9983220078372532 0.0036098118742608092 -0.057793435007937856 0.0468629050451751 -0.004999475643722631 0.9997014335717518 -0.023918910298192226 -8.90075094059118 0.0576898484325211 0.024167709544013906 0.9980420323825189 13.20457527461986
0.9965507310316266 0.004375169262770552 -0.08287004986133607 0.003049522441757618 -0.006265894365373266 0.9997256472340584 -0.022569221829655907 -9.095144854283802 0.08274857959755688 0.023010627535020724 0.9963047883636875 13.32777417782859
0.9940742868416474 0.005364553020321324 -0.10857009704764571 -0.03767412461249239 -0.007691323785720043 0.9997493912585029 -0.021023655806032476 -9.271019685984017 0.1084301324924769 0.021734122021393753 0.9938664538039892 13.470955677051396
0.9900561073401527 0.006708908260799692 -0.1405125297039505 -0.10239313291194081 -0.009437892871168798 0.999779358180782 -0.01876426456086097 -9.465850028424128 0.1403556844041877 0.01990381156435839 0.9899011445092621 13.6386273333942
0.9849815359343477 0.006915773260743932 -0.17252102626086105 -0.1777625162373782 -0.009722646122904752 0.9998336909484415 -0.015430032380223146 -9.641905550990407 0.1723856582706098 0.016875655735306697 0.9848849843189599 13.811430247794082
0.9781353163267743 0.007955593649987403 -0.2078170542884735 -0.2628131867260764 -0.010606944858913 0.9998759286004886 -0.011646913100926285 -9.816668157711842 0.20769859989896358 0.013596559966263862 0.9780984261835172 13.998655390186801
0.9681827159463622 0.009655889073184466 -0.2500579475939911 -0.3768059903527914 -0.011455719669708559 0.999917863487145 -0.0057431985424362285 -10.007220654197692 0.24998199412124028 0.008425056899574027 0.9682138602187177 14.21511845255333
0.9569210307766131 0.013551164519375897 -0.29003172108207753 -0.4905992428954833 -0.014503983817995334 0.9998941854411183 -0.0011358726999904918 -10.178475045882688 0.289985669651698 0.005293557958504806 0.9570163746289069 14.427555090530408
0.9436263136396265 0.017097550041179195 -0.3305706027298436 -0.6356932035561003 -0.017028534629921464 0.999850149328857 0.0031049747791480156 -10.350770358541515 0.3305741905204457 0.002699198654617491 0.9437761156893022 14.64137534381172
0.9262855338633278 0.02012949767062728 -0.37628429408071146 -0.8043774732620776 -0.018044371929249202 0.9997960572169342 0.009065364585168507 -10.539091559898194 0.37639008490141385 -0.0016073007805686818 0.9264598695783588 14.894783290411514
0.907999630239768 0.023490322169823545 -0.4183117887277874 -0.9836298219876752 -0.01817745291010267 0.9996956099055901 0.016681466338592042 -10.709173268973869 0.41857636649094093 -0.007542923369392241 0.9081503257049202 15.126008320846726
0.8873806105269415 0.02791321650122686 -0.4601917830570343 -1.1686771426112714 -0.01926484171651182 0.9995386601993598 0.02347955357853998 -10.876892002694992 0.4606349425208513 -0.011969776409891582 0.8875089567745019 15.346376941397981
0.8615847112253436 0.033333668421064874 -0.5065181131646516 -1.394137331767139 -0.021947502773547845 0.9993546134072739 0.028434391280950738 -11.06015813372016 0.5071391246254332 -0.013381827079042665 0.8617603378838161 15.57091849291152
0.8350572365252068 0.036750749542369766 -0.5489342301282021 -1.6259359859472637 -0.022946923620915154 0.999224722001157 0.03198975215466248 -11.223482291687741 0.5496843385513666 -0.014116919240880689 0.8352531675674686 15.788098645860831
0.8028470970646828 0.040598464489371856 -0.5948010179812996 -1.9129604256447819 -0.02560996606791507 0.9991062317932511 0.033626877830110924 -11.400547563357344 0.5956346759294951 -0.011764405840385713 0.8031693262801052 16.017645270226186
0.7708074481750253 0.04326883103211289 -0.6355970760911982 -2.1837477450664964 -0.02606705019865504 0.9989974260086825 0.036395358984409695 -11.556164135607368 0.6365347214808121 -0.011485672102635432 0.7711625551050866 16.223522412416177
0.7357311313302788 0.0468879599950776 -0.6756486044616928 -2.472558978716448 -0.02706591289663824 0.9988392311984486 0.03984364969539948 -11.708357108063405 0.6767326028425305 -0.011027163534464953 0.7361462666229103 16.4238422857045
0.6950423403395524 0.0487340242663936 -0.7173152257413177 -2.8177570364514097 -0.025287910785199177 0.9987397828674053 0.04335116304826264 -11.875598380040065 0.71852399796865 -0.011991485334365273 0.6953988045464459 16.638287466620287
0.6562069940586666 0.04882205877569171 -0.752999865933205 -3.1667289336171773 -0.022723393425176916 0.9987307529068713 0.04495199299998567 -12.02900200388719 0.7542387511951633 -0.012387090306260678 0.6564834558082783 16.849427684677725
0.6156075822242723 0.04808982272516025 -0.7865841115294355 -3.548562509407345 -0.018003705914130228 0.9987340317627244 0.046969840480762845 -12.181102665539367 0.7878472624476679 -0.014753560689483348 0.6156940544546933 17.04832968060612
0.5687283884760904 0.04837777349893224 -0.8211013505203228 -3.9792996953455724 -0.012976923604506646 0.9986723147649714 0.04985158363304503 -12.345110624040759 0.8224230270721392 -0.01769663370917341 0.5686011148247476 17.264063541681143
0.5242640096904203 0.05003507065398946 -0.8500845050357084 -4.404888047644546 -0.011176301703499073 0.9985906273139609 0.051883342639439466 -12.490627574926048 0.8514825386803652 -0.01769976637512587 0.524084330236907 17.44089693237112
0.47222982228208904 0.04962460213106795 -0.8800774209185162 -4.880685211389574 -0.009881648470273547 0.9986492881326142 0.05100821233608428 -12.648653032966912 0.8814200850528395 -0.01539098298135998 0.47208240499131576 17.612491919291077
0.42211850079473245 0.04872222424884833 -0.9052304285173873 -5.372872821380438 -0.004967982130500104 0.9986640340258109 0.05143448971423657 -12.79102531751737 0.9065270857587068 -0.017214276042625876 0.421796649090589 17.763269798914056
0.37076035650350664 0.04866429217302025 -0.9274526634490484 -5.875187772500295 9.161733818621669e-05 0.9986243349864928 0.052435364789106556 -12.933649319944909 0.9287285597996945 -0.019525915576268853 0.3702458898591557 17.899807867189228
0.31382869307323685 0.04693967691509983 -0.9483186092291744 -6.454485323647729 0.0037871913696232436 0.9987073846583682 0.050687122746308676 -13.08697117066182 0.9494720967888864 -0.01949853106567998 0.31324529259909967 18.023619378771006
0.2626182582319364 0.05188560009937272 -0.9635037735305826 -7.005981276435376 0.004501587943147026 0.9984764529339036 0.054995901642686494 -13.222999804375739 0.9648894039363696 -0.01878022065242962 0.26198458150549886 18.11181948618395
0.21302867956274446 0.057834389054475965 -0.975332694910714 -7.579329669357362 0.006646986219296009 0.9981376590102552 0.06063847659917045 -13.360178071912928 0.9770233339542959 -0.019400751481102287 0.21224753954759903 18.18292828946341
0.16148824398044873 0.05917105672530737 -0.9850990561479662 -8.257431268989562 0.013085944683726506 0.9979847510825748 0.06209024592260869 -13.509154388985909 0.9867878854312263 -0.02291778660325867 0.1603885003084885 18.24967210699595
0.11847968533343099 0.06112556958606488 -0.9910732703316235 -8.884681681577048 0.015786829718017835 0.9978613232028488 0.06343151058483763 -13.647614398408452 0.9928310215920377 -0.023161246691263286 0.11726132425983023 18.284355209042875
0.07542928411776682 0.06009386975769488 -0.9953386490939966 -9.609740363411417 0.015478150769289451 0.9979915900249965 0.06142701996828787 -13.79256678906578 0.9970310435396155 -0.020039386375110445 0.07434764549013671 18.2981533832147
0.04099096714835445 0.05570690133142249 -0.9976053637448979 -10.26775267676575 0.014092967497384187 0.9983129879798278 0.05632549894782538 -13.917909093702029 0.9990602261622442 -0.016368055240972193 0.04013673458565719 18.287060566723657
0.010275158943568275 0.05498687544998482 -0.9984341661874074 -11.023027667433324 0.011566036438914804 0.9984135616291722 0.0551047815474773 -14.056547310263895 0.9998803363632071 -0.012114131482190755 0.009622877025293063 18.258235586526386
-0.010306616133784955 0.05932832032623649 -0.9981852288522611 -11.73765823966657 0.010077615051799408 0.9981937879290849 0.059224781780600165 -14.182962885019279 0.9998961069848457 -0.009448911952012804 -0.010885906386915813 18.22239618968837
-0.023393338257206363 0.06528757178620549 -0.9975921882135802 -12.507810735765771 0.011037701766094617 0.9978213461395915 0.06504374941320147 -14.30547087762098 0.9996654746078246 -0.009489533468099538 -0.02406300271955239 18.186589928265338
-0.03207443913622808 0.06863331048623987 -0.9971261941220255 -13.324845352076379 0.011236493025841338 0.997601244023252 0.06830457881939016 -14.442705807096754 0.9994223184131121 -0.009013360326048424 -0.03276869764664657 18.139216787292188
-0.036130029119099516 0.06636185316280016 -0.9971412175006561 -14.097074744531367 0.012180464334113971 0.9977478346544294 0.06596089476497642 -14.56612878343532 0.9992729637311383 -0.009762472827137244 -0.036856982412630385 18.098081980196643
-0.03565311457973298 0.06243425542841254 -0.9974120298005471 -14.950563212348369 0.01849667231284368 0.9979168792691713 0.06180469096930954 -14.696903476857052 0.9991931405386505 -0.016245270476233857 -0.03673366913805385 18.058147750448942
-0.03179288373944463 0.05994386313478903 -0.9976952559928353 -15.782439608079128 0.031157027023136805 0.99777423755881 0.05895575836654167 -14.804623690533383 0.9990087843004578 -0.029210839601978362 -0.0335897967755598 18.037973801708635
-0.026028683750399892 0.06018776972901582 -0.9978475848255761 -16.68892782309763 0.032307171139905555 0.9977151140170202 0.059337055606086646 -14.934538483052336 0.999139050114497 -0.030693156327336157 -0.027913718297146627 18.00229638255195
-0.020740395314079448 0.05966625477625984 -0.9980028214027177 -17.544511991931046 0.029092450408526406 0.9978309018290603 0.059051390017908954 -15.058380196621197 0.9993615643422957 -0.02780959198484601 -0.022431247597502705 17.967051732747795
-0.017562040211904915 0.052464511338117206 -0.9984683293572119 -18.483029447268024 0.03405320919922583 0.9980744128463768 0.05184486127327802 -15.191153862014522 0.9992657954114518 -0.03309054035480694 -0.01931480567259503 17.93882885218955
-0.01570163835531756 0.04237354722012681 -0.9989783590642622 -19.385050563962196 0.03225626981546298 0.9986029932799796 0.041850639663897 -15.30259532601497 0.9993562655412028 -0.03156618561220589 -0.01704651756388543 17.900860359237814
-0.014766282485812854 0.034642091816495135 -0.99929065516002 -20.27430884582634 0.024623059030694804 0.9991091475489368 0.03427195818454181 -15.427854494981958 0.9995877670262556 -0.024099517088079288 -0.015606125275985457 17.85487464301031
-0.0162803238783378 0.03089140818245448 -0.9993901611398446 -21.279842225142787 0.018703032807418404 0.9993571311562389 0.03058572016389272 -15.565280772318827 0.9996925757241112 -0.018193678710454096 -0.01684761998531998 17.805560769999094
-0.019591467574641634 0.037161571640344136 -0.9991171361544954 -22.2130650047241 0.01033617387698984 0.9992631024055468 0.03696432711316007 -15.699037143711767 0.9997546501099107 -0.009602859219209994 -0.019961151654372494 17.75153432141457
-0.024277024640221825 0.04553377551801819 -0.9986677700563871 -23.266458486777438 0.0033247482994626628 0.9989603735011198 0.0454663032015938 -15.840386239045504 0.9996998325125859 -0.002216531353825695 -0.024403175324105592 17.689830841951963
-0.02897822333217563 0.054574837708792914 -0.9980890112385722 -24.25313763096061 0.0026540756228894268 0.9985090818261054 0.05452075646309427 -15.951302285187417 0.9995765415466045 -0.0010690863799460745 -0.02907987943158369 17.632699670889966
-0.030887465405723975 0.06384032677820967 -0.9974819326726552 -25.252274428116223 0.0012503171817400266 0.9979598684749229 0.06383220401358865 -16.05833288768755 0.9995221247695765 0.000724448379775572 -0.030904265405339148 17.574205303845023
-0.032056856200826066 0.07318047150894406 -0.996803270472486 -26.357545434367637 0.002601642159622483 0.9973186404953935 0.07313464873618232 -16.17089645371414 0.9994826495733619 -0.0002488554027920273 -0.03216129625753763 17.51355060759221
-0.03327720261766098 0.0748568456622686 -0.9966388359732106 -27.357941480993603 0.004508397240904874 0.9971922536703367 0.07474789242996421 -16.270529820027054 0.9994360499441493 -0.002005838551542446 -0.03352125763682088 17.460113134638906
-0.03542312757844925 0.07115036463606468 -0.996836362085233 -28.462281416292583 0.0030130087972762396 0.9974654379798757 0.07108821511806303 -16.382089399838552 0.9993678849558446 -0.00048530930009460093 -0.03554772425770969 17.393785654306615
-0.03778480977177832 0.06689143520876767 -0.9970444839272894 -29.529191726977345 0.0028552243900074707 0.9977602456217303 0.06683125509610041 -16.200433484515532 0.9992818607408301 -0.00032157117821624974 -0.03789117523735787 17.341998805754205
-0.04232658025731356 0.06212508104600663 -0.9971704400363697 -30.60968468348652 0.0031657268806960796 0.9980682454601506 0.06204665107351646 -15.939744662502928 0.9990988996318154 -0.0005305438417007272 -0.042441498306761534 17.287171401198126
-0.0484624852107839 0.05681057311757026 -0.9972079740578498 -31.756129204465495 0.0031652557855398546 0.9983848679250551 0.056723801177774515 -15.77632740626202 0.9988199796074084 -0.0004074388371232759 -0.048564025268822045 17.217103900214287
-0.05485407985892119 0.054125771229139405 -0.9970262318406887 -32.81997517344739 0.00247442421357961 0.9985339949831764 0.05407149448742476 -15.541020835518147 0.9984912960286854 0.0004989851579886025 -0.05490759696429886 17.147485096370307
-0.061707808994104364 0.05770188564654492 -0.9964248689897386 -33.98212611512422 0.0027496722260642262 0.9983334927080957 0.05764213800328768 -15.376997256094203 0.9980905144623939 0.0008171313496161412 -0.061763639165270764 17.061183645940734
-0.06816514234497567 0.0627395760324522 -0.9956993353629218 -35.06418174412164 0.0018591765449070992 0.9980269689483482 0.06275897461954302 -15.158996850578873 0.9976724032420548 0.0024267966068620395 -0.06814730544540717 16.971178533559854
-0.0740186848672697 0.06582942092990188 -0.9950817306821689 -36.13266388426429 -0.0009686228361481174 0.997813722149925 0.06608221568569181 -15.004438009318083 0.9972564301861992 0.005855177971355763 -0.07379310802286042 16.875427084221318
-0.07930422147809445 0.06775892914118799 -0.9945448591761973 -37.32306546839517 -0.003804697307749363 0.9976593371412987 0.0682745131031706 -14.806905838120478 0.9968432783126177 0.009198400368117528 -0.07886079312602597 16.767450606677702
-0.08207411316317491 0.06949690633465545 -0.9942001462542023 -38.38921978201516 -0.008243719618243587 0.9974842729942797 0.07040702973315384 -14.662742561628743 0.9965921432523491 0.01397450382408451 -0.08129472923638548 16.66195828928989
-0.08382031777006621 0.07069565547789007 -0.9939699368806026 -39.574850534891354 -0.01257291070997241 0.9973257859644971 0.0719946113842877 -14.481207401721152 0.9964015931504264 0.018531709646624647 -0.08270732257924372 16.54367308660068
-0.0854581138029056 0.07057042693714421 -0.9938393850260138 -40.634347040610734 -0.01394224838423576 0.9973061302487648 0.07201546536640464 -14.343972703690362 0.9962442658270441 0.0200106644318932 -0.08424398227299519 16.44190704415809
-0.08685455954588599 0.0696391687599287 -0.9937839775246443 -41.688650917471065 -0.014196842637807489 0.9973659206463793 0.07113095894782666 -14.212772187141685 0.9961199100205375 0.020286643064822484 -0.0856371304166021 16.338940003329927
-0.08800141191652812 0.0687792194042624 -0.9937429837177231 -42.85149047686674 -0.015421309313016222 0.9973997768822085 0.07039796869486308 -14.059647967645052 0.9960010630222123 0.021519937924512372 -0.08671191906973974 16.221335310766225
-0.08894893933502544 0.06830295073912249 -0.9936914450098078 -43.90912415455939 -0.017612611291103048 0.99738212757703 0.07013321781249826 -13.944383823421303 0.9958804639384307 0.023739780366530527 -0.08751309411019059 16.11328877134787
-0.0899562073924676 0.06629787153350229 -0.9937365639524179 -44.96830167178763 -0.021378462335971144 0.9974234979857028 0.06847910076566036 -13.808786526365864 0.9957163509863937 0.027404680663288633 -0.08830709935821297 15.9777120822821
-0.0905179726478987 0.06112670509354511 -0.9940170270152995 -46.132081054145985 -0.02704319665968227 0.9975956278942728 0.06380940375616391 -13.697969710335432 0.9955275816184427 0.03265729839602593 -0.08864727495866308 15.832517062495302
-0.08999081741476216 0.05965981265585886 -0.9941540363910494 -47.19764083941591 -0.02942533823872642 0.9976091754941739 0.0625307480836553 -13.579184126502318 0.9955078048162626 0.034880514332498745 -0.08802017215145645 15.698580709892557
-0.08826796216457818 0.06354340353029075 -0.9940678683325228 -48.375349593506016 -0.030475242260011425 0.9973237544674146 0.06645757871194354 -13.477222819684247 0.9956304955972514 0.036160534555463544 -0.08609525168497921 15.567572695329378
-0.08672547306587865 0.06798996754372519 -0.9939094277955974 -49.429323286120265 -0.03151990693008876 0.9969817177674501 0.070950470213284 -13.369832504137435 0.9957335487205871 0.0374811454242378 -0.08432066164395739 15.420166853054983
-0.08543692001925174 0.06689919475049536 -0.9940949846321163 -50.60311155094358 -0.02851336732330306 0.9971704240590187 0.06955673146932045 -13.261930411858803 0.9959355091770441 0.034287710847240575 -0.08328765492677132 15.28449833570301
-0.08364817403211679 0.06627429088402097 -0.9942890126822664 -51.68404043068951 -0.02788923212666596 0.9972393696087992 0.0688172431384542 -13.157852158881786 0.9961050607505556 0.03348639280528986 -0.081568910632256 15.150254345606417
-0.08035486455193655 0.06706340581089862 -0.9945076885086266 -52.761487464920705 -0.031983420785482004 0.9970468395614852 0.06981885927836493 -13.068131702075863 0.9962530663786805 0.0374180431041563 -0.077972648412778 15.01471650142452
-0.07524282356791591 0.06761085445610654 -0.9948704261543893 -53.9542973356549 -0.037703532544152166 0.9967924088649787 0.07059302508659673 -12.960410158194293 0.9964521614185387 0.04282174973025133 -0.07245229495589714 14.847171129548203
-0.07015958567797805 0.067457277912149 -0.9952522574939198 -55.018713090045196 -0.04149627537100915 0.9966498717690119 0.07047726974023703 -12.866010036706665 0.9966723114579743 0.046243916963372454 -0.06712530365813188 14.702924748560521
-0.06481093477010128 0.06673450037013391 -0.9956635755106485 -56.200351106138825 -0.04328560212992205 0.99663422520673 0.06961716825296262 -12.748000646434331 0.996958409164568 0.0476098488092962 -0.06170415181088215 14.52844857700484
-0.059793336314295085 0.06559310996367053 -0.9960533102616083 -57.27978053566716 -0.04296912979876611 0.9967446991257447 0.06821809470708755 -12.65593932953986 0.9972855680161273 0.04687853157485619 -0.05678022832716932 14.402495032038987
-0.05511654573090369 0.06575036331498774 -0.9963127171495922 -58.36660419456034 -0.041506101844609115 0.9968161705310041 0.06807973589719253 -12.56720688373758 0.9976169501118237 0.045105374404413826 -0.052212027349530316 14.291812232986844
-0.05009808311431747 0.06610100936664429 -0.9965544135024346 -59.5713508364058 -0.04064136237255815 0.996846027456893 0.06816345590324147 -12.468784026620646 0.9979170775083811 0.04391618793759204 -0.047253646253847224 14.175569066667949
-0.04505956605561651 0.06768150719394077 -0.9966888874567623 -60.67116713248936 -0.039381837989547724 0.9968064412324582 0.06946991755311568 -12.386505572725518 0.9982078046103054 0.042381725038471034 -0.042250240600915596 14.089469103075091
-0.040497403064837935 0.06825644399705942 -0.9968454710875225 -61.77591032144386 -0.04074189469557339 0.9967214252620857 0.06990312408472789 -12.289017626999954 0.9983486985172214 0.043444268065957095 -0.037583734119233374 13.996703311583646
-0.035137528892462015 0.06886172393780186 -0.9970072182036959 -62.98158273316679 -0.04066374726118613 0.9966986029089913 0.07027353467026438 -12.19187334030212 0.9985549700622341 0.0430112843592983 -0.032221355700336816 13.916654870078675
-0.030654948303870423 0.06425855136391456 -0.9974622724988205 -64.07367633015076 -0.04030452595026937 0.9970402288094617 0.06547004718929882 -12.100505576459742 0.9987171309955063 0.04220922512674157 -0.02797430376494315 13.841942591012414
-0.026324925541469167 0.05872069950394655 -0.9979272317655912 -65.28256279800077 -0.040018485604325 0.9974110961753331 0.05974601071472916 -12.015261840171805 0.9988521213156517 0.04150834587914445 -0.02390685652027293 13.781185363842896
-0.02325143922586253 0.05722524540898128 -0.9980904990648549 -66.39910267990456 -0.039945810307301106 0.9975099315793093 0.05812254922498073 -11.934730474718178 0.998931314224486 0.041220964033421056 -0.02090764225322459 13.728901438799939
-0.020438578519319763 0.06022966628570837 -0.9979752069112826 -67.54382130714862 -0.03985070031043056 0.9973414870413537 0.06100757008247996 -11.849363045403 0.9989966037849184 0.04101692061217973 -0.017984060763540206 13.665539856127738
-0.01870777267618989 0.060285287965014166 -0.9980057959737059 -68.82438120002163 -0.03961820871345507 0.9973519104635541 0.06098844463253122 -11.75361458920156 0.9990398253736281 0.040680159807445306 -0.016269841509172944 13.585980233952116
-0.01813158503435936 0.05969706047290812 -0.9980518568827709 -69.979161091478 -0.04135100253118494 0.9973170889602153 0.06040435028149985 -11.676628168008088 0.9989801808831368 0.04236566906904176 -0.015614422056924057 13.523259332322825
-0.0176956001432228 0.06081687254100784 -0.9979920448668271 -71.24754344117747 -0.042812034271790825 0.9971868344737522 0.061526923605723344 -11.596739119346934 0.9989264770763567 0.04381482363883958 -0.0150421203019945 13.452589397457247
-0.016885644238486385 0.060812041375609534 -0.9980063358327064 -72.40532264131932 -0.043480732298977365 0.9971597790227548 0.06149613398317361 -11.517721025999466 0.9989116184435333 0.044432447610792306 -0.01419353443995715 13.402964734718525
-0.015995586224731503 0.05872390578516606 -0.9981460697607781 -73.5721986857855 -0.044103913209932046 0.9972608043979568 0.05937860734982791 -11.448091442969558 0.9988989361909035 0.04497194224366633 -0.013361809123950156 13.374483154386555
-0.01557134201129997 0.057461991110925544 -0.9982261748951351 -74.88304366267784 -0.04228668353949437 0.9974162454104871 0.05807500283084375 -11.374049429547574 0.9989842526198499 0.04311598017899614 -0.013101235520985969 13.343265083404448
-0.015460723969333208 0.05750318757336711 -0.9982255291195992 -76.03293648267606 -0.03863106165223598 0.9975651962328403 0.05806347950384684 -11.31670536206383 0.9991339827828771 0.03946021637850861 -0.013201676413089091 13.32337420761286
-0.015633607875608465 0.0575231180054128 -0.9982216575833803 -77.18376735748461 -0.03672870416776209 0.9976369423920491 0.05806465382991605 -11.261919648009851 0.9992029871446656 0.0375711503919556 -0.013483915491862395 13.301394295645823
-0.015612469788743914 0.060395310815279504 -0.9980524222806455 -78.45074143310367 -0.036037489814110105 0.9974916024872875 0.06092511589944729 -11.192743755708154 0.9992285865194557 0.0369184934809789 -0.013396816338489251 13.275229028863182
-0.015659883797913433 0.06427318521236769 -0.9978094563407821 -79.60771552771746 -0.038582074939320754 0.9971497941240801 0.06483622361092505 -11.124622672660296 0.9991327937136768 0.0395128847366175 -0.013135464841205986 13.24512272620433
-0.015227173253907225 0.06440414330681479 -0.9978076834868423 -80.86280273128264 -0.041043152438569985 0.9970420992182423 0.06498108232335752 -11.055743912209104 0.9990413877252386 0.04194265020862974 -0.012538782187608271 13.203895394972223
-0.015154783949349838 0.06216017558520485 -0.9979510686261399 -81.99693644982241 -0.041956286088656196 0.9971471689621868 0.06274725316628578 -10.990985809571804 0.9990046186664588 0.04282123991437491 -0.012503539408773443 13.160433426292686
-0.015166254795778314 0.05967217036888361 -0.9981027447704707 -83.14231473673982 -0.042062259889689195 0.9972959289436211 0.060263079677140376 -10.930703602309828 0.9989999407062082 0.04289642205062692 -0.012615296532479217 13.130866108320904
-0.015468750117083027 0.059185448942174194 -0.9981271459239635 -84.43574048953269 -0.039843744611091074 0.9974172609746373 0.0597608551204118 -10.865465094579411 0.9990862154606582 0.040693547573889946 -0.013070626855089943 13.111495983809506
-0.015510777212343878 0.060795349926012675 -0.9980297083118149 -85.59812672957732 -0.038284170059093126 0.9973818147460208 0.06135088070994183 -10.807880669213814 0.999146543627752 0.03916033906713547 -0.013142669560747096 13.094231111152626
-0.015332723509746637 0.06344017641484442 -0.997867797086203 -86.75550197606509 -0.037545777276377944 0.9972448191323711 0.06397748608738056 -10.74945427540653 0.9991773282246641 0.03844667138534665 -0.012908580384622052 13.07528858780512
-0.014956981548018524 0.06588212957062066 -0.997715243996644 -88.02778723233551 -0.03806638095100981 0.9970660428939191 0.06640993143073948 -10.681770651982331 0.999163270362577 0.03897270242726473 -0.012405213179961056 13.047808295979737
-0.014972420092524726 0.0665396252952967 -0.997671437894471 -89.1801556595183 -0.03965461293817702 0.9969588069457959 0.06708721958585427 -10.61509543650394 0.9991013477577382 0.040566730085477 -0.012288286023405837 13.015762785301947
-0.014854496848517319 0.06436935600236028 -0.9978156035345728 -90.45475519187342 -0.03908468467097483 0.9971256596082563 0.0649067163036859 -10.538611301427936 0.9991255483084166 0.03996346227288267 -0.012295958355602139 12.986933619312028
-0.014758899490028187 0.06278030621201208 -0.9979182011297143 -91.5946661169358 -0.037485018873125886 0.9972906429943077 0.06329522709241786 -10.476379913288051 0.9991882289856279 0.03834115069460526 -0.01236560329162271 12.959515736672644
-0.014820812482157062 0.06352058138058708 -0.9978704424702014 -92.72530776018479 -0.03593754787015168 0.9973014666942267 0.06401813201396168 -10.42145712324916 0.9992442414230335 0.036809815744129795 -0.012498049610049645 12.924498681006357
-0.014780004462636364 0.0668538688755859 -0.9976532463001976 -93.96413548256051 -0.03386622083728705 0.9971563281767718 0.06732230258766568 -10.358784959203957 0.999317136187203 0.0347817692083442 -0.012473907459028703 12.895245115682487
-0.014618910812304018 0.06934828735485823 -0.9974853744944312 -95.09530404457924 -0.032395659267838404 0.9970354274688343 0.06979180108324151 -10.296494051318188 0.999368267306018 0.033334475146222335 -0.012328985958032085 12.867997270582864
-0.014376217812909695 0.0706538607793983 -0.9973972424550829 -96.21420470014641 -0.03294322540163845 0.9969253945508575 0.07109527905132933 -10.229527948899866 0.9993539253972061 0.03387956249453521 -0.01200444048400396 12.834480955596577
-0.01413677877159487 0.07271492264273222 -0.9972525291237682 -97.44007100046701 -0.03532182893072123 0.9966933896904652 0.07317488194585163 -10.15224559172521 0.9992760468666719 0.03625923842641459 -0.011521604068813257 12.787478554989834
-0.014137912495826927 0.0721190770436267 -0.997295814235967 -98.55702963421015 -0.037896582093396095 0.9966403073513617 0.07260891512073168 -10.083281144878859 0.9991817245411784 0.03882063971825759 -0.011357332792913935 12.751595784228416
-0.013954555686739175 0.06846446127472701 -0.9975559345982205 -99.79621486128468 -0.04065058126602475 0.9967894703179239 0.06898051836148962 -9.997730724687313 0.9990760883504434 0.04151381803505438 -0.011126618837089512 12.70981174346838
-0.013808289897239527 0.06707978841267356 -0.9976520657718312 -100.9203350194675 -0.04248793603562209 0.9968066936362744 0.06761102615751056 -9.915433343706177 0.9990016390796103 0.04332176670831511 -0.010914113986656425 12.678643595799828
-0.013927116748894618 0.06550020879318247 -0.997755331685106 -102.04212367139192 -0.04205604962852992 0.9969307913926801 0.06603312462868986 -9.835460093601052 0.9990182462738083 0.04288129774279683 -0.011129694145520532 12.653459209338623
-0.01385084833942037 0.06409603828435176 -0.9978475617595757 -103.27785623332338 -0.04060299177516713 0.9970841811988547 0.0646106119135683 -9.74898394145594 0.9990793883741498 0.04141050770626266 -0.01120797414717025 12.628064706305908
-0.013972466987337034 0.0659323071211706 -0.9977262100805544 -104.40108379107518 -0.040093254245490886 0.9969842602445688 0.06644476589620618 -9.672766786768095 0.9990982556525106 0.040930488488922105 -0.011286896290760252 12.604639768056076
