1.0 0.0 0.0 0.0 0.0 1.0 0.0 7.207190963761609e-34 0.0 0.0 1.0 0.0
0.9999208000733355 -0.003229932046167354 0.012162212380821293 0.02252679908141173 0.0032158890337045045 0.9999941699456131 0.00117432257955088 -0.008874442928234574 -0.012165896649188311 -0.0011351182016037392 0.9999253373439825 0.30563624542348533
0.9998106412194219 -0.0052431949657736005 0.018737153733947687 0.03934076740102938 0.005216556172573923 0.9999853352863677 0.00147047806516604 -0.015297506936097294 -0.018744605505051814 -0.001372456684498988 0.999823401152722 0.588206036584656
0.9997503916703276 -0.008016133460678207 0.02085389176542905 0.05434015785180922 0.008013131478294848 0.9999679572501143 0.00022755034400350995 -0.020072421875501678 -0.020855013059186994 -6.0387787057714856e-05 0.9997825598058572 0.8762512214500031
0.9997758262356361 -0.009598394873509011 0.0188710574732213 0.06580597709234176 0.009632140844647577 0.9999522203585651 -0.0016978432183081932 -0.024994086731001293 -0.018853840933141398 0.0018792318098172663 0.9998204934531649 1.201701781240132
0.9998494092788697 -0.01190808772190735 0.012617754126916639 0.07100998492124186 0.011945253571086329 0.999924582641013 -0.0028735825588712843 -0.028942364702706783 -0.01258259037791407 0.0030238705152002927 0.9999162705977037 1.5061848130924913
0.9998997118436869 -0.014109989108314193 0.0011229545285786537 0.07065284348269152 0.014115520013184153 0.999887502480636 -0.005075655121297979 -0.0342139334797036 -0.0010512052396475483 0.005090992209186794 0.999986450533221 1.8179298639255181
0.9997821616334757 -0.013303920680000133 -0.01608109615244416 0.05763985363110462 0.013220709874118938 0.9998987414828376 -0.0052697547810811 -0.043782558582620146 0.01614955931046629 0.005056006842692815 0.9998568146626265 2.1779370716223045
0.9993659558604137 -0.008893042909093428 -0.03447471269901774 0.03562212778691987 0.008724717685876359 0.9999493572464186 -0.005030110145326578 -0.054091786879328564 0.034517674723866784 0.0047261416860159425 0.9993929185805669 2.519677792349051
0.998564168350323 -0.005256035618880982 -0.05330849378030762 0.005280117591422376 0.00493197035972066 0.9999686132300901 -0.006208791936474724 -0.06284489272619305 0.053339445432832915 0.005936956436891106 0.9985587497850557 2.866188818726881
0.9972086587996987 -0.00458035582608363 -0.07452382888037447 -0.0311189033557369 0.004084640786200517 0.9999685377587522 -0.006802861587217357 -0.07107494155857126 0.07455263599764264 0.006479467379941884 0.997196016115231 3.2601692842578682
0.995491734463503 -0.005969383216517924 -0.09465943283267064 -0.06993569068407676 0.005400908680558007 0.9999658436385018 -0.006260577934260898 -0.07740082956732353 0.09469357496440774 0.00572110348125423 0.9954900101896834 3.6298218747878064
0.9934504368619148 -0.007416116287960883 -0.11402264062577305 -0.11903042126227144 0.00684253185137402 0.9999619183543832 -0.005421022715267359 -0.08478309213644894 0.11405852965646937 0.004605314659864803 0.9934633484502658 4.006997653238835
0.9910725268851078 -0.0062745727943120805 -0.13317611134988647 -0.19338122368037158 0.005674861270610637 0.9999720160816843 -0.004882253737353335 -0.09499807270821317 0.13320303680329562 0.0040829104986320735 0.9910803699017986 4.428040397646782
0.9889218504828218 -0.004789776045359661 -0.1483594001637745 -0.26850549788231154 0.004273568436372735 0.9999836412153782 -0.003798015969448581 -0.10418460325664494 0.14837514914779087 0.003121914414508859 0.9889262471141286 4.822109063824069
0.9866382927426393 -0.003834588462084583 -0.16288056216535818 -0.3574743970448442 0.003227036074554243 0.9999868101842541 -0.003994449799285566 -0.11411932927554978 0.16289374273021762 0.0034154572918935256 0.9866376832911906 5.267271844185462
0.9846160659019659 -0.004902611750223974 -0.17466269092727785 -0.43951268732631915 0.004165652426728297 0.9999808148139325 -0.0045857068159783345 -0.12305718505956825 0.1746818457779718 0.0037875751722570537 0.9846175821926755 5.6844646716673655
0.9828082117464506 -0.00848033041451119 -0.18443407656891928 -0.5226797231018306 0.0073585164678113876 0.9999500466512248 -0.006766090917893883 -0.13132477489022262 0.18448226954856503 0.005292608176255434 0.9828215385430144 6.1128407471590975
0.9812077080272259 -0.008196833220060488 -0.19277986566770253 -0.6228684429045199 0.0065860408485935735 0.9999378483432807 -0.008994977594981524 -0.14008718861141117 0.19284163498258233 0.007556285353929038 0.9812007962814261 6.59822103700669
0.9798048651132021 -0.007257491683755164 -0.19982403963253215 -0.7233556739204997 0.005253580242905382 0.9999304811089254 -0.010556795346043937 -0.14934584646774857 0.1998868122242773 0.009293807563014553 0.979774908423645 7.050360338409459
0.9780243976324359 -0.007981439640603587 -0.20833729730432382 -0.8358091547288196 0.005319084105581785 0.9998969523172735 -0.013336196445389874 -0.16073324622907975 0.20842229904979853 0.011934960207923822 0.9779660883894129 7.562915890527304
0.976345265066093 -0.011501779649235516 -0.21591103212791618 -0.9400218829786585 0.00849741205656262 0.9998538669703114 -0.014838033224174142 -0.1729476558185756 0.21605016285805143 0.012652355570712497 0.9763002853817151 8.042891807119515
0.9745622575032432 -0.01794384473743672 -0.22339718646458956 -1.0460038302073345 0.014626660999429403 0.9997570077610811 -0.016494803965386273 -0.18645459349935836 0.22363887691912407 0.012807656172224416 0.9745879446267246 8.536344204186776
0.9723906031960663 -0.018792593185818735 -0.23260090493627916 -1.1787655569515125 0.015070143144703814 0.9997285460282769 -0.017770493308134096 -0.20192015955545461 0.23287172562139613 0.013774526448918075 0.9724098963766505 9.088278678326715
0.9704650368558098 -0.014879566977498851 -0.24078224318050576 -1.312921287838956 0.009762662116714949 0.9997007862951267 -0.022430205657414548 -0.21888783713198967 0.2410439447278833 0.019417052666956088 0.9703199516722393 9.598557405185183
0.968182023226278 -0.011858591400607894 -0.24996580349496497 -1.4643243964302066 0.005499656791178222 0.9996437256246801 -0.026122364347621923 -0.24444252018834273 0.2501865041217296 0.023916470543189954 0.9679022781620357 10.170703322364632
0.9660475913127794 -0.01384248296738333 -0.2579930757940913 -1.5983512084444844 0.006961892819555465 0.9995958255064309 -0.027564186858886182 -0.273528321025373 0.25827037808901965 0.02483218716617427 0.9657534865796255 10.700549103703166
0.9637436331649869 -0.01707023165180946 -0.2662830331389044 -1.7372325162211548 0.009463394424189791 0.9995104245399399 -0.029823887617866213 -0.30056813284613293 0.26666179261989403 0.0262226354366437 0.9634333405045522 11.24030156313026
0.9614020575974512 -0.016618358761661622 -0.27464476553155975 -1.9033183559456077 0.007997920921058131 0.999440448028679 -0.03247776559240922 -0.3283467213268892 0.2750308426908871 0.02902759166096643 0.9609970622078925 11.841260627654714
0.9592244033425922 -0.015500458668787144 -0.282220032371888 -2.0667898445576536 0.005663985565659239 0.999348838859562 -0.03563650147082187 -0.3559553094347771 0.2825886468563031 0.03258490824559092 0.9586875997852532 12.400098098585888
0.9567776108919355 -0.016509572755904756 -0.29035131581537393 -2.251226888793863 0.004792746587115603 0.9991468917475613 -0.04101891668768603 -0.3872488088494967 0.29078085223779154 0.037854400114908565 0.9560405361884265 13.024960306048001
0.9550513195359396 -0.01799003941629255 -0.29589391275644816 -2.4271519084144053 0.003921728160070059 0.9988362637333756 -0.04807012648916976 -0.41471373076720075 0.2964143938157586 0.04474901188665584 0.9540104356875854 13.60238956194183
0.9538117394461356 -0.01850964223671771 -0.29983422092395173 -2.6091693621958987 0.001794109827541516 0.9984331937979098 -0.05592890359118165 -0.4403158615845651 0.300399687547807 0.05280770580357466 0.9523504859473776 14.191094711932315
0.952499234541173 -0.018604411451184834 -0.3039720296504641 -2.8194006443366817 -0.0012217384417651824 0.9978908144564872 -0.06490358468463658 -0.4786302665947954 0.30453842059378927 0.06219198549746026 0.9504674769415731 14.853090633135443
0.9512548727426046 -0.01802290096012569 -0.3078785787203703 -3.0162952659432207 -0.004920029223109227 0.9972771325946933 -0.07358105158458303 -0.517590159718621 0.30836644443285005 0.07150909593095474 0.9485760436651747 15.463011500362615
0.9498333720046762 -0.017612733389325758 -0.3122597777324267 -3.241723247090485 -0.008156965607242045 0.9966783988811938 -0.08102866243841496 -0.5719561545225629 0.31264974905597387 0.07951081090476338 0.9465347767470332 16.148649058053927
0.9482929642015718 -0.015437008549066307 -0.3170206912276359 -3.461080839467618 -0.012851396909919165 0.9961300802633738 -0.0869475039642064 -0.6285953328564848 0.31713607192918253 0.0865258511121566 0.9444247034025199 16.777130718902317
0.9467040741790645 -0.014561348936693029 -0.32177506871758343 -3.6895983832046584 -0.016245325887429354 0.9955477762484163 -0.09284757574008344 -0.6935682589332547 0.32169447408357604 0.09312651073685824 0.9422526412826023 17.41506480803713
0.9449325509406254 -0.012214606574946774 -0.32703692361271963 -3.9512845288897935 -0.02116548551726368 0.9949302909133434 -0.09831502276016116 -0.7699429521327157 0.32657982833964355 0.09982294934551006 0.9398835024720649 18.12656258941053
0.9432770124071272 -0.009672482594636597 -0.3318657791211733 -4.196325453013566 -0.02552304085385825 0.994504997506068 -0.1015308720581573 -0.8422725015630896 0.331024240458649 0.10424196203861048 0.937846806839831 18.78670701359755
0.941391335970103 -0.008094191951607415 -0.3372191791775414 -4.4719688830430835 -0.028242383838285697 0.9943105206009613 -0.10270851365338031 -0.9260860345981607 0.3361319328171304 0.10621275012314772 0.9358067056042209 19.524380006044826
0.9392555906291151 -0.007971186953849161 -0.34312588610542 -4.725777376723901 -0.028824478839829606 0.9943664570715292 -0.10200289784835578 -1.0067994347994893 0.3420060036584359 0.10569719338167999 0.9337344231109059 20.20732527844542
0.9370263259213238 -0.007541540132831181 -0.34917719785202195 -4.987140574850951 -0.029427292846893556 0.9945070171300989 -0.10044831738737313 -1.0875362847055503 0.34801673414912426 0.10439804438187307 0.9316573793797885 20.897830768609136
0.9343147601197854 -0.007545514608562882 -0.356369005173523 -5.284228703120608 -0.02947193761201312 0.9947174233085767 -0.09832988537608098 -1.1755765370521294 0.35522844233093215 0.10237393176238728 0.9291567740701736 21.66524970631906
0.9302894283329717 -0.006482812509959984 -0.3667688579052143 -5.655062832705514 -0.03018458538743427 0.9951003083632899 -0.09415042575490236 -1.2841795018317657 0.3655822063241501 0.09865791085644299 0.9255355984352984 22.58892998485363
0.927717580832431 -0.005022858797136844 -0.37324889993065785 -5.899206570812371 -0.030715785844099012 0.9954914167378822 -0.08974116629953156 -1.355047878497391 0.3720168635557762 0.09471906871056744 0.9233805792463715 23.162015282580434
0.9243459438646697 -0.0015534423090459385 -0.38155214027511053 -6.210897921178808 -0.033130934524026344 0.9958881028427636 -0.08431744456003933 -1.4388755999217142 0.3801142034362031 0.0905796541233013 0.9204936421454555 23.882175024131186
0.9208276530844534 0.0021757006216394444 -0.3899635118406702 -6.536123832384654 -0.036390902731094854 0.9961003279509094 -0.08037299066876018 -1.5233828813483006 0.3882679599907677 0.0882007819709387 0.9173159472552537 24.604994591180244
0.9167771078494208 0.0034560697937371146 -0.39938427041767605 -6.896957552947608 -0.037931348265422056 0.9961962113555926 -0.07844991614234866 -1.6086094476078288 0.39759404862885656 0.08707025503479945 0.9134208920018918 25.40518426522563
0.9128970588893858 0.003209161332390622 -0.4081770351702896 -7.235847178732226 -0.03823744259642719 0.9962443391175366 -0.07768624133563277 -1.6845324506670487 0.4063947911114542 0.08652717986034435 0.9095912627879501 26.1384734830063
0.908759462208909 0.0032985585239182083 -0.41730722081480565 -7.6178987239806615 -0.03877436629848602 0.9963106307633562 -0.07656273490360702 -1.7652625763516119 0.4155150954747875 0.08575791762181936 0.9055345566526432 26.951512688304508
0.9049299172227209 0.004578116429129403 -0.4255358698178491 -7.9794345779324 -0.0401711535159435 0.9963961800357746 -0.07470689289748238 -1.840196753252739 0.4236602635378542 0.08469875838213156 0.9018526551471292 27.696622425620706
0.9013022461925273 0.003521017673506163 -0.43317632268834577 -8.345896565628134 -0.03880081345061477 0.9966038772184259 -0.07263139536721352 -1.9135424711432618 0.4314494701025167 0.08227042875409642 0.8983779621665453 28.44987072943527
0.8971692386477416 0.00403632300672276 -0.4416685413723705 -8.763159675652835 -0.03817397962916699 0.996925202898707 -0.06843277088895865 -1.9920994785361161 0.44003433902637784 0.07825600925326501 0.8945645990815718 29.287072600064946
0.8935600582467671 0.0062571344028214 -0.4488999491502076 -9.155188726896048 -0.03861082903246067 0.9972691852425114 -0.06295621854508318 -2.0594910249551024 0.44728018845120676 0.07358755480002527 0.8913614903646805 30.055754754505326
0.8895135552033133 0.006463404052771596 -0.45686297190370706 -9.59633373408491 -0.03723068316587022 0.9976003171662539 -0.058374835299937006 -2.133231137079029 0.4553893464086232 0.06893452131378895 0.8876196544269013 30.9079680417931
0.8858616123610481 0.005808971682665277 -0.4639130362501371 -10.00692529081958 -0.03609244540884244 0.9977541591671071 -0.05642649213464461 -2.197166356752153 0.4625434178076693 0.06672981706421398 0.8840818570441268 31.688745485348623
0.8827157895448965 0.00472094414954575 -0.46988345992020886 -10.427425677004205 -0.03494330555360037 0.9978404940749706 -0.05561859299705519 -2.2567132404230175 0.4686061889749592 0.06551468462295956 0.8809745278291862 32.475470711820044
0.8793297834687823 0.005338043019119749 -0.47618322805035096 -10.905107273044578 -0.035136935820948886 0.9979389137252161 -0.05369763882234512 -2.3215778900330295 0.47491516074026685 0.06394954270622458 0.8777049557084939 33.349799041283866
0.8764844077604219 0.004420324586810086 -0.48140974380718504 -11.347173300056665 -0.03362085137701725 0.998078496173146 -0.05204780617864864 -2.3809285840981507 0.48025467709868913 0.06180449162865992 0.8749489167571158 34.154302426541136
0.8738987769418993 0.00316814366338428 -0.48609749296464627 -11.799112670559527 -0.032446577862288946 0.9981288792517164 -0.05182666816479296 -2.441294171082271 0.4850237966558862 0.061063442282728586 0.872366413470523 34.965878046197965
0.8716450985568015 0.002141010045594251 -0.4901326665899791 -12.305858171614933 -0.03194077933846376 0.9981129596615864 -0.05244305715082538 -2.5066258568578124 0.4890955487509575 0.06136694383904359 0.8700686975094394 35.86606875571142
0.8702738558688929 0.0022855417924490026 -0.4925628412351252 -12.774992130561593 -0.032624808457400525 0.9980609130920315 -0.05301131905311878 -2.569352128855306 0.4914865792650815 0.062204123283377974 0.868660834924434 36.70598151781953
0.8698167213489344 0.002509418978745909 -0.49336834464220797 -13.297095185122389 -0.0322499904902959 0.9981375895472175 -0.05178045972322369 -2.6402218372938133 0.492319631599945 0.06095062167704673 0.8682777564730148 37.6481580545375
0.8697066645095488 0.0029478610580333077 -0.49356001371094915 -13.777738562035044 -0.031913887351200085 0.9982255423066608 -0.0502737040386914 -2.7073184150430682 0.49253601811045056 0.05947478720755261 0.8682574563109334 38.520575568862654
0.8695104025607044 0.0019153805600544322 -0.493910771326184 -14.263882914691521 -0.0304040891753632 0.998303672802763 -0.04965378711102826 -2.7727273786442894 0.4929778377555567 0.058191384658570613 0.86809366750558 39.397992482569876
0.8688222078452849 -6.553568097129705e-05 -0.49512419543388153 -14.812957008329773 -0.028489663709215754 0.998336615093399 -0.05012454471372315 -2.84329734930587 0.4943039323753869 0.05765523305875956 0.8673751123007272 40.36829192943059
0.8677928859851756 -0.002600494253860845 -0.49691912493149193 -15.318900775795889 -0.026109696414896223 0.9983664738356274 -0.05082125947299146 -2.9080633612097975 0.4962395694948186 0.05707672845153406 0.866307423309759 41.254569106696934
0.8660962523942799 -0.003141887836569486 -0.49986729078728365 -15.882911489776694 -0.024618906074788924 0.9984987309560889 -0.04893201250519736 -2.979447978524404 0.4992706002817199 0.05468601468685354 0.8647186607923815 42.233946455318275
0.8640888609218136 -0.002167577833893146 -0.5033344169843095 -16.40096970351714 -0.0235985174098714 0.9987166653937941 -0.04481317969026766 -3.044003670768357 0.5027856150769094 0.05060050754112903 0.8629288327154073 43.12396635005956
0.861409321004669 -0.002549330110543832 -0.5079049008757245 -16.921147843643126 -0.021114864152636473 0.9989431644821495 -0.04082491756279214 -3.1070151248944606 0.5074722870581186 0.04589130187311517 0.8604451485968434 44.01201463926845
0.8572427799775862 -0.0024538307028843884 -0.5149065689220598 -17.501580792617627 -0.020197136489934476 0.9990589033799722 -0.03838631870456007 -3.1750008662163443 0.5145162151151321 0.043306030942336336 0.8563864432033907 44.98189106939922
0.8522102099095706 -0.005802199293821473 -0.5231673018215914 -18.034696892080206 -0.018140227538919577 0.9990096890362685 -0.040628951223510845 -3.2352527310591794 0.52288497655898 0.04411477781950223 0.8512609547661232 45.85505123812651
0.8457789057484274 -0.009873947607572616 -0.5334420340778706 -18.639217502595926 -0.016126770708022334 0.9988987935319736 -0.044058692676935095 -3.3013429868177577 0.5332896631874788 0.04586660745326826 0.8446883546095817 46.81311005140018
0.839795817297016 -0.010317236866733272 -0.5428042636062472 -19.214054222568077 -0.015996835001254543 0.9989150494852637 -0.04373606282951953 -3.357487992468491 0.5426666484827763 0.045412503160109356 0.8387196518971184 47.68174360800397
0.834139942079177 -0.0070497277589118505 -0.5515076025475745 -19.802255818224836 -0.01716857909403163 0.999101914672176 -0.03873817039230152 -3.409226898105791 0.5512854699376911 0.04178165426908164 0.8332697582224835 48.53802839018568
0.8286233217223734 -0.0016304188077306985 -0.5598041199806836 -20.451374766329845 -0.020520508084908334 0.9992352435089962 -0.0332847569506654 -3.4675671527629746 0.5594303193405951 0.03906798542097747 0.8279561930701834 49.47456055096581
0.8245541632229143 -0.0014539097968211247 -0.5657810483897007 -21.04962953859829 -0.021798342226925536 0.9991726360413273 -0.03433592662522947 -3.517381451106381 0.5653628999727913 0.040644923409039906 0.8238402821521568 50.3037907339142
0.8210734868382714 -0.0042616450581491605 -0.5708064928565348 -21.644161559798192 -0.022094143248942526 0.9989855697205297 -0.03923962245070045 -3.5727035204828645 0.5703947698903025 0.04483009514500359 0.8201463402863547 51.133046095802555
0.8179726847426624 -0.0064546268354425266 -0.5752206761285094 -22.304670735875845 -0.02493185157967207 0.9985997767067045 -0.046658907926035394 -3.636639948446399 0.5747164095360745 0.05250701795183515 0.8166664162895526 52.03772780321985
0.8147165763141895 -0.0069765057801852454 -0.5798172532451261 -22.907616282567908 -0.024891290232306372 0.9985852003662469 -0.046990649198980466 -3.6958791290783717 0.5793247575602839 0.05271644876045122 0.8133903244617625 52.86761215398147
0.8110489109429131 -0.006056831180506231 -0.5849468948961649 -23.580352205200366 -0.02432448704252699 0.9987324153521765 -0.044068107287320114 -3.764529422258636 0.5844723701419229 0.049969916542636855 0.8098734732945523 53.77931122872022
0.8079260239681604 -0.0028188484099398673 -0.5892770837571796 -24.19754360794382 -0.024354170881121948 0.998974487636311 -0.03816935475861706 -3.8231652465900137 0.5887803911151333 0.045189367491293986 0.8070288777536629 54.60990147092564
0.8049432892064223 -0.0011136317461809936 -0.5933505865278298 -24.817748896285117 -0.024487873221684546 0.9990839406000347 -0.035095536778560366 -3.874601598566057 0.5928461863270131 0.04277981138787152 0.8041786365533591 55.43798870282516
0.8016268517773179 -0.0007811547275075296 -0.5978241194727935 -25.504702185492274 -0.02554170586643147 0.9990413633054336 -0.03555447357904475 -3.9231488411921505 0.597278813871788 0.043770862539223215 0.8008384025449499 56.34480060547731
0.7982279069016405 -0.001907390549428145 -0.6023524776979278 -26.13210501504408 -0.02566756400200878 0.9989790216582372 -0.03717758714268323 -3.9713470804701796 0.6018084140887527 0.045137097676277216 0.7973640058867716 57.16789828767368
0.7943392160138858 -0.004455323440465687 -0.6074579434805187 -26.768252825971164 -0.024695019420541916 0.9989096578299067 -0.03961869251246568 -4.017200629095131 0.606972185898891 0.04647186079916055 0.7933631484411359 57.98215873471184
0.7897047191069391 -0.005914286797129373 -0.6134585401028445 -27.47691171189025 -0.02377600007894981 0.9989073186381182 -0.0402371848165327 -4.071224739635823 0.6130261781089074 0.04636107790140164 0.7887012129804389 58.8761359291945
0.785337274358457 -0.005739744242596288 -0.6190414620756287 -28.1334725406007 -0.023509844296941987 0.9989592812765178 -0.03908773318995967 -4.1249065098508995 0.6186216061628204 0.04525061356108413 0.7843849259493454 59.6823502032648
0.7800476037118851 -0.005309229382467284 -0.6256975259093641 -28.861286477308617 -0.023884862853678596 0.9989826144008116 -0.038253565059708665 -4.18988305034534 0.6252640761703161 0.04478429521331324 0.7791272025019212 60.569149584239774
0.7748506866274756 -0.006558145050093808 -0.6321101732149014 -29.531725163610382 -0.02363400110048255 0.9989465478786129 -0.03933500357027918 -4.248623713658833 0.6317022973039819 0.04541804819469913 0.7738794730055323 61.3684315490672
0.7695326278598926 -0.008100345370378279 -0.6385560856930561 -30.20808782065342 -0.022967065221475666 0.9989216782886361 -0.04034965094839248 -4.306447970633783 0.6381943894624369 0.04571612948517376 0.7685167963150364 62.168049988487596
0.7635186192287661 -0.009187765242579582 -0.645720367651499 -30.963655412092116 -0.022682410097919534 0.9989003337949165 -0.04103340231879139 -4.37087508199162 0.6453873818740088 0.045976254813598086 0.7624705232393577 63.043288754442
0.7579886497783707 -0.010514047738489445 -0.6521828557749892 -31.658662190332393 -0.022222260169317398 0.9988734272814812 -0.04193060484028166 -4.431262917457654 0.6518890219514483 0.046275900293020214 0.7569010599838973 63.83731009320977
0.7514757499553932 -0.012586993254441304 -0.6596405227703921 -32.43367225158814 -0.02135964087916502 0.9988297755855263 -0.043392598608148626 -4.498029327202044 0.6594148482890495 0.046698166012064994 0.750327459239294 64.70655307709426
0.7454568955743213 -0.013247851496480601 -0.6664220947929601 -33.14843944078312 -0.020601635532902274 0.9988668804609405 -0.04290144576469045 -4.55850036005924 0.6662353980225808 0.04571056230954887 0.7443392864661289 65.4956571746597
0.7392962351691086 -0.013567551704068646 -0.673243543797707 -33.87278258081411 -0.019637270850847998 0.998937400059553 -0.041695011256999114 -4.620520034539144 0.6730939427671147 0.04404562515000548 0.7382442434778137 66.28195900501817
0.7324183036340441 -0.013596674032273609 -0.6807191172025633 -34.690638815855735 -0.01918751180323071 0.9989913387525633 -0.040598603727004134 -4.693689978629433 0.6805845691247404 0.04279646000546522 0.7314185983459833 67.13066546839505
0.7261808496648061 -0.015465995541035246 -0.6873296408687393 -35.44169917097473 -0.01783546182443788 0.9989866844444454 -0.04132237821542119 -4.759918071609003 0.6872723342437371 0.04226635965987537 0.7251691683011754 67.8989262523188
0.719817955129609 -0.017138153125754646 -0.6939512753694629 -36.210108350672805 -0.01766578656563197 0.9989191846602131 -0.04299405769152335 -4.832834575969852 0.6939381020202064 0.04320708625328305 0.7187371982221105 68.66103258053745
0.7133525285364164 -0.016453319779472925 -0.7006120872002297 -37.064099563252114 -0.019174126963166057 0.9988919236172596 -0.0429809886499039 -4.908622549946485 0.7005429834685987 0.044094220893555 0.7122466241614772 69.50105612465869
0.7080446053148832 -0.015626598175830547 -0.7059947103001146 -37.853811404528344 -0.01967077247959138 0.9989307909985625 -0.04183838124710911 -4.9809390802621545 0.7058936904997979 0.04351089385590974 0.7069801636550386 70.26049686312966
0.702714828309583 -0.015117420898414545 -0.7113108789596625 -38.720534175914224 -0.020839692602158438 0.9989079096883217 -0.041817542451101176 -5.062164023980217 0.7111663261539126 0.04420930708479709 0.7016323793588506 71.09849504066293
0.6979483657987904 -0.016145893057691745 -0.7159658907911854 -39.516631372179894 -0.02076339879927968 0.9988693110415372 -0.04276659326146915 -5.138735446651657 0.7158469678890242 0.044714757190319074 0.6968239843392574 71.85624559885495
0.692881667732881 -0.017771577323014792 -0.7208322098730533 -40.31935692316165 -0.021442655192037436 0.9987462644543886 -0.04523454821192058 -5.212844884141583 0.7207323708516118 0.04679874319131949 0.6916319538282161 72.61261992849703
0.6874640567970485 -0.020366213756936015 -0.7259326418656831 -41.210862540968286 -0.021106279363907694 0.9986240963034466 -0.04800446122712584 -5.295640642040555 0.725911602303287 0.04832307001690563 0.686088322689379 73.4416689335773
0.6825365390150628 -0.0211768680330698 -0.7305445322742998 -42.03362668743029 -0.021505569060693792 0.9985653768889876 -0.04903852056971261 -5.36997706380371 0.7305350388269141 0.04918135314466566 0.681101931169142 74.192086571556
0.6777230925883427 -0.020330848538692756 -0.7350360965917383 -42.869663703456695 -0.02140708761913793 0.9986485367447684 -0.047360188603495036 -5.441470590651562 0.7350056534611519 0.04783207153888422 0.6763718954741716 74.93753273127766
0.672237767812011 -0.020103179743739315 -0.7400622419547928 -43.79139689110658 -0.020930934305325333 0.9987155886511793 -0.0461419630587284 -5.529393933330734 0.7400393431713695 0.04650856849963816 0.6709536368586099 75.76224420987496
0.6672962367105278 -0.021259273819012242 -0.7444888553750761 -44.63367527060332 -0.019909501980063065 0.9987262052281481 -0.04636433593117707 -5.6019521643270656 0.7445262470315319 0.04576114059695833 0.6660229334899869 76.5081949357023
0.662102783585729 -0.022247130689767722 -0.7490827782966192 -45.56935319264733 -0.019040480432990912 0.9987372771453742 -0.046491248281288804 -5.681442880443975 0.7491712295287365 0.04504488002540433 0.6608430986042294 77.3248071560408
0.6577676014388277 -0.023274540250011303 -0.752861243701257 -46.42815986979505 -0.01796555799592725 0.9987534114400322 -0.04657257401975831 -5.753207576279145 0.7530067089555117 0.04415950165660969 0.6565294752907407 78.06798671273224
0.6540211187877025 -0.02379440189703341 -0.7561019612762517 -47.29638678214793 -0.01714214201938309 0.9987824242851888 -0.0462593044628411 -5.823568185120492 0.7562820936625888 0.043215764686319 0.6528168873571727 78.81313350801962
0.6497858385797266 -0.02611553374198333 -0.7596684938682778 -48.25672559315991 -0.014408062476685626 0.9988069689892064 -0.04666052861948105 -5.901832985051423 0.7599807414121629 0.041264701536980974 0.6486343491791119 79.63153123950319
0.645634340917623 -0.030685325239907933 -0.7630298639881441 -49.1372253297049 -0.011148433024040453 0.9987071914068236 -0.04959630998068709 -5.97912326208674 0.7635653690640498 0.04052766564803496 0.6444574980641279 80.36943941189148
0.6408472874588915 -0.03535454170588279 -0.7668538059536775 -50.02391298902329 -0.0070487468403461805 0.9986258683909595 -0.05193054694112438 -6.061510999322484 0.7676360256199878 0.03868490188718153 0.6397175001629438 81.10701949148937
0.6338998401256541 -0.03946011738368243 -0.7724078143217556 -51.009069153113195 -0.0015078049152727224 0.9986327244501478 -0.05225473056743075 -6.156094396332048 0.7734137363461757 0.0342889024880151 0.6329735647112031 81.91740135971816
0.62573654951831 -0.04267984959711345 -0.7788659174095071 -51.915811297062355 0.0029286139876528445 0.9986235210895351 -0.05236917758400358 -6.24030305270014 0.7800290155231544 0.030488308900946268 0.6250002206141327 82.64773659739747
0.6159935103615901 -0.04421980965437669 -0.7865090446640493 -52.928677689247 0.006360932050319483 0.9986699234693419 -0.05116623414533185 -6.331783095260226 0.7877255577786126 0.026515136179236027 0.615455465847922 83.44244520586359
0.6073493108283389 -0.04251749307940335 -0.7932962650874799 -53.865673120248225 0.006719251842187219 0.9988060354405054 -0.04838772023820481 -6.414016704552843 0.7944065088562624 0.024057889210404207 0.606909835296787 84.1549227373122
0.598544085279771 -0.04202743226900127 -0.7999866581340912 -54.812026343942186 0.006372152629153142 0.9988411212778051 -0.047706689772391606 -6.495001848995651 0.8010645806011756 0.02345692127655389 0.5981182369652841 84.85598109478076
0.588319703934987 -0.04409569070829884 -0.8074251140465729 -55.864840174491576 0.005550403077496834 0.9987087765417526 -0.05049799889004977 -6.581865068245171 0.8086093784425548 0.025227428457006918 0.5878048052880415 85.61443160682106
0.5785872131337185 -0.04580797486268991 -0.8143331376315474 -56.83235265896324 0.006223307504129246 0.9986405684108234 -0.051753984036498474 -6.661848536588662 0.8155968322950063 0.02487634249464198 0.5780857091746379 86.29707159088278
0.5689797357688496 -0.04745054839311971 -0.8209813267439663 -57.809874726481034 0.006374351589235719 0.9985584518357701 -0.053296307802380545 -6.745706213773056 0.8223268700744087 0.02509128670058279 0.5684619205471338 86.97085307001905
0.5580390757528789 -0.04830175312339785 -0.8284076159204147 -58.895296644203576 0.009066981527608767 0.9985998530930281 -0.05211733927145016 -6.840863911883894 0.829765160236395 0.021572354610389526 0.5576956273142368 87.70655425428795
0.5478539112220605 -0.04826475267946714 -0.8351805192038264 -59.892580786042586 0.010497012125733203 0.9986524104469907 -0.05082600849356126 -6.928633391979026 0.836508139301199 0.019078323041753328 0.5476222639314847 88.36436698667525
0.53771843980529 -0.048401714934448885 -0.8417338903988183 -60.90281771606922 0.010781325866049634 0.9986639302085273 -0.050538229724498146 -7.012307677167705 0.8430555059107699 0.018100324638259536 0.5375218488011941 89.00954348848985
0.5266796026696852 -0.04968556402696968 -0.8486104911552096 -62.024882442737535 0.01032670515008787 0.9985907211080532 -0.05205767291137064 -7.105581821128349 0.8500011538053448 0.018654361416718813 0.5264504753024905 89.70622684613443
0.5168347556303421 -0.050469638812881995 -0.8545961369143882 -63.05795953922225 0.009047106805334472 0.9985269478450838 -0.05349829915806441 -7.1920339553643515 0.8560373978434078 0.019918163392054045 0.5165300626436199 90.32744618232844
0.5061728925484402 -0.05113861947377062 -0.8609144448149324 -64.20473341115277 0.007649598399490089 0.998467483852838 -0.054811755896966345 -7.28910570556372 0.8623981463141153 0.02115857170265207 0.505788311753627 90.9992345906388
0.49674173303839997 -0.051083480561499556 -0.8663936086430893 -65.25908794225461 0.006812899889560292 0.9984650570614331 -0.05496442876105554 -7.376514964883492 0.8678716299170726 0.021400470257349893 0.4963273127049411 91.60065015437175
0.48813891739318294 -0.04920607980876654 -0.871377602815427 -66.32398899702399 0.00584574504443797 0.9985713559616585 -0.0531138848468513 -7.4641677818663466 0.8727463916204614 0.020833103944279386 0.48772919401993353 92.19455646476099
0.479515751961668 -0.04704897370899394 -0.8762710021012202 -67.50452187090345 0.006187021077607775 0.9987181650220442 -0.050237761535137315 -7.559077167937278 0.8775114713253074 0.01866829413746866 0.4791921913051269 92.8396864815371
0.47211792440989975 -0.047335354184436094 -0.8802635653948161 -68.58372802935665 0.006441821497954274 0.998715906393222 -0.05025004477654543 -7.644340588806795 0.8815118935314977 0.018053446981007075 0.4718166876014437 93.41706049555478
0.4646636551449808 -0.050452782180092325 -0.8840486331841599 -69.66605255122889 0.008237403421350374 0.9985785830204919 -0.0526593841217032 -7.7290335673232695 0.8854489523036553 0.017186630789611353 0.4644187184834028 93.98709339131857
0.45710824067906364 -0.053954777409579546 -0.8877729396694647 -70.86421838737628 0.011044759981101415 0.9984256998114741 -0.054992885947163846 -7.823194488531639 0.8893424633933211 0.015332464523310394 0.4569845826572254 94.60732212651673
0.4510832504215229 -0.05665579067651903 -0.8906817162681 -71.957028713467 0.012024119144540374 0.9982782973199447 -0.05741037831959713 -7.913954798301925 0.892400890750461 0.015187192888400316 0.45098786101180965 95.16183032399152
0.44523020546088415 -0.060264179569623474 -0.8933857741168603 -73.16142720794387 0.013958865017783513 0.9980784930678683 -0.060369761988420576 -8.017365319925013 0.8953073224183422 0.01440778720538377 0.445215886984523 95.76474075106408
0.4405235000461995 -0.06119468377817346 -0.8956528431910041 -74.2588541768274 0.016524676382242906 0.998057780797076 -0.06006381566398031 -8.112633073047869 0.8975889794503057 0.011659152933976515 0.4406791562221389 96.30759915123313
0.4363826877147047 -0.05867760639386024 -0.8978457082813859 -75.35874329245938 0.017752787574611534 0.9982385666647403 -0.056610235498681494 -8.208694768734459 0.8995859738958465 0.008764459173721812 0.43665574265583545 96.84451450433103
0.43234185041929657 -0.05657686984197572 -0.8999330203541323 -76.56549643872734 0.021151415369723484 0.9983913496176109 -0.05260527387202509 -8.30967504446385 0.9014616735573373 0.0037086030255173343 0.4328430352624008 97.42962712043321
0.4289788036466949 -0.055916456014894846 -0.9015822060711944 -77.65915214597764 0.022835698093395914 0.9984346104472137 -0.05105791005515571 -8.398254058935356 0.9030259002008878 0.0013145015716850895 0.4295841611285252 97.9533019101305
0.42614006043438174 -0.05631986445544138 -0.9029023244040861 -78.7495601247717 0.024413322228028216 0.9984127050598882 -0.050755193393327507 -8.485385050356616 0.904327809220826 -0.0004140210147661807 0.4268385585176502 98.4701877123302
0.4233580423316837 -0.055249961604351736 -0.9042760444190816 -79.94684896405131 0.026352885454650282 0.9984673404495268 -0.04866720708627054 -8.578728199877379 0.9055791081009683 -0.0032266277668715083 0.4241652194205209 99.03404539941852
0.42108502296718037 -0.0542285909692938 -0.9053985666954858 -81.03091689030137 0.027721912909405018 0.998514305761908 -0.04691276226044993 -8.662572641360093 0.9065974802731604 -0.005345115132918219 0.421962683248773 99.5400671327462
0.4186771850510347 -0.05531319522980118 -0.9064489559281333 -82.21448101343105 0.03050082767881118 0.9984367271319903 -0.04683853105351765 -8.747162217579326 0.9076227724651784 -0.008037216496669825 0.41970980281777526 100.0947651271811
0.416135928255909 -0.05556394367877641 -0.9076031217295344 -83.27453337578454 0.03251917949092618 0.9984022175761458 -0.04621267968405657 -8.830637670554864 0.9087207658722491 -0.010283749777839442 0.4172779262000823 100.58263006791883
0.4135941844652363 -0.054811140440182204 -0.9088098610994984 -84.32597890815678 0.03568623997614764 0.9983952079629131 -0.0439735134767131 -8.914307082095203 0.909761649091758 -0.014244814503189035 0.41488647714344334 101.06499487396516
0.41129387142796836 -0.05413374473500749 -0.9098938710491209 -85.48407980388772 0.03761518473448278 0.998392596209372 -0.04239598422222704 -9.001100260973166 0.910726379333176 -0.016788610815294418 0.4126689798436986 101.58594995779795
0.4094373541295771 -0.054828288784546805 -0.9106891331905358 -86.52688766830434 0.03981360351711906 0.9983154009888588 -0.04220404409447311 -9.074339897928546 0.9114690692989453 -0.01897790215058689 0.4109305834967324 102.04677080386591
0.40807435622863597 -0.05621314765389585 -0.9112163469904292 -87.56113120511839 0.04110570537205242 0.9982216578917117 -0.04317197776176976 -9.14830496933026 0.9120228862024518 -0.019838817035331236 0.40965928708522714 102.50591191774055
0.4074072963861176 -0.05746414137283568 -0.9114367656357023 -88.68670281261704 0.04122161151394259 0.9981583123368257 -0.04450592372809354 -9.231088182516384 0.9123157461728524 -0.01943884612216088 0.40902574394797175 103.00119332568177
0.40768072670712396 -0.057995024007590205 -0.9112808985881999 -89.7050840854277 0.04024741068352841 0.9981524825144469 -0.04551812597348222 -9.306521572087933 0.9122370867025769 -0.018119831697904303 0.4092616332706423 103.4362873045536
0.40996041204314737 -0.057806227285486234 -0.9102695829477607 -90.81379963097503 0.03792773995376988 0.9982068653108376 -0.046309039005481924 -9.388959783335133 0.911314467758767 -0.01553959089056524 0.41141772236627766 103.9098984475391
0.41406303061568284 -0.0578117105964131 -0.9084104178383555 -91.8111211936879 0.03566481181038097 0.9982451513812676 -0.04727245091248443 -9.465070962551792 0.9095492574600795 -0.012824509747033553 0.4153982388776796 104.34561801486258
0.4189881153256439 -0.0580955215358982 -0.9061312209753003 -92.79998597879893 0.034019936397058824 0.9982547870418532 -0.04827136605505374 -9.540276695573851 0.907354170981423 -0.010601396151496058 0.42023330110254425 104.78526127622112
0.4251669121652089 -0.058223009495845614 -0.9032403437502511 -93.88105410282698 0.03329089871639274 0.9982596431352523 -0.048677520780356885 -9.613355756575643 0.9045026014615302 -0.009373605616481833 0.42636521629701823 105.28519316746089
0.43185487882563545 -0.057151000411068485 -0.9001304924075437 -94.85602027700416 0.03230006138684315 0.9983302643791804 -0.04788933359264123 -9.681834587512833 0.9013645078315397 -0.008393022718576445 0.43297979824898164 105.74550569168309
0.4396977996635869 -0.05554424250021183 -0.8964265555145765 -95.82378283856967 0.030701940373165135 0.9984321471567401 -0.0468053815932734 -9.748126316631417 0.897620896202559 -0.006941803869303746 0.44071377822509666 106.21054054101965
0.44907374220035146 -0.055208830825485965 -0.8917872954741695 -96.87633466354009 0.030290216354833886 0.998456146559802 -0.04655938293610711 -9.821951290886602 0.8929810882648352 -0.006103828036134361 0.45005275586317983 106.73258426077223
0.45821055870024735 -0.05472944839251598 -0.8871570363562515 -97.8256991793003 0.029652950553011696 0.9984882885844291 -0.046282027307204994 -9.887183930458134 0.8883489735270947 -0.0050999132396006615 0.45914070646921945 107.21465958651977
0.4686429661521343 -0.05521688651898488 -0.8816602297899162 -98.85825796001203 0.02848886013693125 0.9984701964203826 -0.04738936757811523 -9.962674729655463 0.8829281491325983 -0.0029087931181899767 0.46949912988162473 107.75384420539595
0.47876182851511007 -0.056823252519579176 -0.8761039046182325 -99.78515854718455 0.026818649516660104 0.9983841687598485 -0.05009873809031524 -10.028843282385813 0.87753512089108 0.0004894371503598663 0.4795121437886339 108.25516238436913
0.48970680161460217 -0.05756117285333597 -0.8699849400406692 -100.69895262091515 0.02508474928877883 0.998335504105736 -0.05193331065823461 -10.09355870144547 0.8715262806026318 0.0036087432570544157 0.4903355720755611 108.7736349495229
0.5026776571715174 -0.05597886246741416 -0.8626594513206436 -101.6993078179775 0.022927547396191673 0.9984134946693469 -0.051428055541718844 -10.159122751951445 0.8641698046669486 0.006073063554722412 0.5031636307333194 109.36100789597288
0.5150869314016816 -0.05323606895252507 -0.8554830184376185 -102.60152525388919 0.021330081725233437 0.9985564553808759 -0.049296578346555195 -10.218029816204178 0.8568724894348865 0.007144493784363404 0.5154788932292829 109.90702545603692
0.528365883668776 -0.050837231707678454 -0.8474933191603934 -103.58037523489175 0.020442137469107422 0.99867807884695 -0.0471615645368215 -10.28082217573809 0.8487706618723183 0.007593982337654372 0.5287066465469271 110.52160814085079
0.5398431565818103 -0.05044223681919844 -0.8402528319866116 -104.46134118770897 0.020807418169367493 0.9986975592967228 -0.046585752448033806 -10.328236397719298 0.8415084041764649 0.007665507225700681 0.5401896218078751 111.0851132110136
