1.0 0.0 7.733812432929992e-34 0.0 1.3363823550460978e-51 1.0 -3.851859888774472e-34 0.0 -2.046300565911438e-34 3.851859888774472e-34 1.0 0.0
1.0 0.0 7.733812432929992e-34 0.0 1.3363823550460978e-51 1.0 -3.851859888774472e-34 0.0 -2.046300565911438e-34 3.851859888774472e-34 1.0 0.0
1.0 0.0 7.733812432929992e-34 0.0 1.3363823550460978e-51 1.0 -3.851859888774472e-34 0.0 -2.046300565911438e-34 3.851859888774472e-34 1.0 0.0
1.0 0.0 7.733812432929992e-34 0.0 1.3363823550460978e-51 1.0 -3.851859888774472e-34 0.0 -2.046300565911438e-34 3.851859888774472e-34 1.0 0.0
1.0 0.0 7.733812432929992e-34 0.0 1.3363823550460978e-51 1.0 -3.851859888774472e-34 0.0 -2.046300565911438e-34 3.851859888774472e-34 1.0 0.0
1.0 0.0 7.733812432929992e-34 0.0 1.3363823550460978e-51 1.0 -3.851859888774472e-34 0.0 -2.046300565911438e-34 3.851859888774472e-34 1.0 0.0
1.0 0.0 7.733812432929992e-34 0.0 1.3363823550460978e-51 1.0 -3.851859888774472e-34 0.0 -2.046300565911438e-34 3.851859888774472e-34 1.0 0.0
1.0 0.0 7.733812432929992e-34 0.0 1.3363823550460978e-51 1.0 -3.851859888774472e-34 0.0 -2.046300565911438e-34 3.851859888774472e-34 1.0 0.0
1.0 0.0 7.733812432929992e-34 0.0 1.3363823550460978e-51 1.0 -3.851859888774472e-34 0.0 -2.046300565911438e-34 3.851859888774472e-34 1.0 0.0
1.0 0.0 7.733812432929992e-34 0.0 1.3363823550460978e-51 1.0 -3.851859888774472e-34 0.0 -2.046300565911438e-34 3.851859888774472e-34 1.0 0.0
1.0 0.0 7.733812432929992e-34 0.0 1.3363823550460978e-51 1.0 -3.851859888774472e-34 0.0 -2.046300565911438e-34 3.851859888774472e-34 1.0 0.0
1.0 0.0 7.733812432929992e-34 0.0 1.3363823550460978e-51 1.0 -3.851859888774472e-34 0.0 -2.046300565911438e-34 3.851859888774472e-34 1.0 0.0
1.0 0.0 7.733812432929992e-34 0.0 1.3363823550460978e-51 1.0 -3.851859888774472e-34 0.0 -2.046300565911438e-34 3.851859888774472e-34 1.0 0.0
1.0 0.0 7.733812432929992e-34 0.0 1.3363823550460978e-51 1.0 -3.851859888774472e-34 0.0 -2.046300565911438e-34 3.851859888774472e-34 1.0 0.0
1.0 0.0 7.733812432929992e-34 0.0 1.3363823550460978e-51 1.0 -3.851859888774472e-34 0.0 -2.046300565911438e-34 3.851859888774472e-34 1.0 0.0
0.9999354719650055 -0.010359939383082602 -0.004660845478163563 0.32009368352104234 0.010344417698796621 0.9999409098144951 -0.003342155208504365 -0.09220823347315922 0.0046951938248983496 0.0032937251937860705 0.9999835531203582 0.648684530881445
0.9999156931524102 -0.01103328003284473 -0.006846403348338401 0.35679349086524786 0.010972223967559933 0.9999002628609005 -0.008892399020688703 -0.1727608939390644 0.006943831712883373 0.008816527388666534 0.9999370240159903 1.2779327636654456
0.999911517824014 -0.010070460339193583 -0.008691506606828938 0.3622401504610133 0.009932782321815643 0.9998267661475381 -0.015740955946460522 -0.25073145730461993 0.008848518200162046 0.015653229334178977 0.9998383269497149 1.8944314623662994
0.9999140889898503 -0.007920327647728789 -0.01044428133838831 0.35592729711964893 0.007691094254265533 0.9997325779269958 -0.021808711537528447 -0.3361482958763035 0.010614218758300813 0.02172650584457996 0.999707605824072 2.5942944313349874
0.9999129862007027 -0.005546758492408259 -0.011968854982112323 0.34503927992009276 0.0052395121268478005 0.9996597908764535 -0.02555093412675299 -0.41467073917785036 0.012106506001974339 0.025485995035840876 0.9996018689258548 3.2383996034451803
0.9999007520748013 -0.004740244773927399 -0.013267105424304258 0.3318412418099613 0.00438612458052566 0.9996366784687264 -0.026594608348135988 -0.49531273483715277 0.013388348012722782 0.026533772669848042 0.9995582578403172 3.9058270734717633
0.9998782479552976 -0.0043672264035787105 -0.014980541372051907 0.3141276003553629 0.003961740081997788 0.999627819483888 -0.026991245848939863 -0.5825039279884923 0.01509284036206778 0.02692860548876932 0.999523414499506 4.64116557698292
0.9998593304524687 -0.004143145272929173 -0.016252805457096266 0.29893479590776817 0.003690375612331132 0.999606979630685 -0.027789703704387183 -0.660568180585538 0.01636155191635778 0.027725810325379328 0.9994816550589269 5.307316623781571
0.9998312467515286 -0.0030210728755096818 -0.018120463351087808 0.280395833456804 0.0024797083109900464 0.9995520810790351 -0.02982429384475285 -0.7459065286200857 0.018202445278474 0.02977432179294906 0.9993908947191208 6.039253905646479
0.999802276534729 -0.0035161892066515803 -0.019571517835884126 0.26473184644524694 0.0028831288517990774 0.999474682121841 -0.03228076282869516 -0.821489376776938 0.01967473866072639 0.03221794685161821 0.9992872000656274 6.700750190072885
0.9997754779116926 -0.0036758193006892685 -0.02086821001184555 0.24900895759250197 0.002976809314068753 0.9994366546418791 -0.033429212752846396 -0.8948234646472739 0.02097933035626547 0.03335958015548756 0.9992232011611584 7.356235258987795
0.9997659702093937 -0.0020020829191513714 -0.02154057951488287 0.23144549771400988 0.0013078126047194394 0.9994806943982298 -0.03219676101429732 -0.9751111766919528 0.021593850454455794 0.032161048886870096 0.9992494044021636 8.079645307067832
0.9997696774494289 -0.0005428298576294029 -0.021454544761695837 0.2164843787211021 -0.00010222637788449497 0.9995482815550925 -0.030053662284808626 -1.0467235539976412 0.021461163883208106 0.030048927790330353 0.9993180074702006 8.739429808799333
0.9997829387950645 0.00013418153109977604 -0.020834044079595927 0.20360646700437235 -0.000717653823513284 0.9996076440267659 -0.028000770901316675 -1.1149279078529823 0.020822109139951427 0.02800963936225758 0.9993907642037995 9.400669123863514
0.9998057405418107 0.0002873240814861221 -0.019707833966994732 0.19182743747583203 -0.0008173603219070248 0.9996380127300121 -0.026891924579232406 -1.1861146181556748 0.019692970078322606 0.026902803888464777 0.9994440583629483 10.128904607918983
0.9998219784184742 0.0011125665747023456 -0.01883543900098556 0.1815958683342697 -0.0016551432478491292 0.9995833876965734 -0.028815130383212127 -1.2486346646168858 0.018795530127283553 0.028841170560669184 0.9994072816601954 10.783858465932392
0.9998323128974009 0.00282643363614433 -0.018093022508251753 0.1704165521057384 -0.003436152420216123 0.9994241556106662 -0.03375722572554373 -1.3160771232638084 0.017987188293529854 0.03381372904284057 0.9992662770407745 11.504802669856401
0.9998419133088572 0.0035182525089456442 -0.017429010169349415 0.16162718896190123 -0.0041879991751511475 0.9992482479158847 -0.03854088762363734 -1.377295237482878 0.017280308548335968 0.03860778016479073 0.9991050144119156 12.167902400916452
0.9998534685063554 0.002733096749930924 -0.016898869572395097 0.15463656057021807 -0.0034144093049866533 0.9991769212574435 -0.040420566459311 -1.4396819849218505 0.01677448449560944 0.04047233553238346 0.9990398421856406 12.840226008332937
0.9998524412365718 0.0013736378792751378 -0.01712334538303785 0.14714547922586194 -0.0020216615419555834 0.9992800686990226 -0.03788479262125386 -1.5080977790461099 0.017058975049094083 0.037913812790116054 0.9991353931067901 13.584734138484233
0.9998355065952316 -5.0502289378084644e-05 -0.018137179522416506 0.13905323188393862 -0.0005702653107862304 0.9994141804836213 -0.03421945246938809 -1.5693710047994112 0.018128279658963832 0.03422416010485563 0.9992497545559342 14.257988263401081
0.9997956328970725 -0.004947524919457366 -0.019601389891660125 0.13241915092771817 0.0042956745549337086 0.9994408583477933 -0.033158982999042165 -1.6285749308502713 0.019754481647536862 0.03306799893301154 0.9992578583851361 14.926564286378806
0.9997207839927006 -0.009495198763299108 -0.021637820551242016 0.12345747585976939 0.008704544440107166 0.9993013504899362 -0.036346144378398254 -1.6865807168268854 0.021967813622359642 0.03614764172852229 0.9991049808409951 15.640734802824348
0.9996781919488549 -0.00971584114115943 -0.023433203187339623 0.10962353959043769 0.008756076015144594 0.9991323118655666 -0.04071799341996721 -1.7388725054681067 0.023808476197760844 0.04049969945148298 0.9988958555812955 16.290072352638976
0.9996383516591335 -0.008868157493828618 -0.02538743272067699 0.09270777022372913 0.007752958707261453 0.9990148977560827 -0.04369354879615129 -1.7943808368236505 0.025749900627623584 0.04348091113361457 0.9987223600208787 16.951654354808444
0.9995964211380489 -0.008507950304290201 -0.027103684540809702 0.07301350968981056 0.007307275875632428 0.999000643475624 -0.044094427899151606 -1.8560922663265624 0.027451747064093906 0.04387856990563021 0.9986596377559864 17.685565670107845
0.9995798005542171 -0.006292549805566455 -0.028295339893123352 0.052455739676519626 0.005094405516245802 0.9990954042821404 -0.042218723780879354 -1.9107845565173371 0.02853540284531692 0.04205682760268777 0.9987076416323144 18.35251655057765
0.9995512596183991 -0.004510902341497078 -0.029613025927599387 0.029057306818784028 0.003301289271810964 0.99916310892593 -0.04076988682847053 -1.9709178167790573 0.029772147185602792 0.04065382288689993 0.99872963577036 19.08585856784825
0.9995186894765263 -0.0036981890738371002 -0.03080118430955299 0.00794775691127868 0.0024916971565558106 0.9992315312222447 -0.03911698917964759 -2.02386645000383 0.030922171538461617 0.03902140717458437 0.9987598052251312 19.74900333492352
0.9994952505412548 -0.004222836864487423 -0.03148669509440061 -0.012142570230199733 0.003054910370391315 0.9993087816320169 -0.037048978834527256 -2.0740407406967654 0.031621377534962844 0.03693408239150088 0.9988172813433376 20.405471264097994
0.9994897339770719 -1.7640164639644752e-05 -0.0319416902998677 -0.03817025605093881 -0.001075124986934236 0.9994146442956764 -0.03419375894024363 -2.1238859333274935 0.031923590995271624 0.03421064590382671 0.9989046578888353 21.118342408675414
0.9994856975159528 0.002350094648593855 -0.031981522055162956 -0.06080651294226479 -0.0034292319389355877 0.9994251111542594 -0.03372962811076667 -2.1682164214775574 0.031883863181727055 0.03382194657983724 0.9989191632517123 21.76485481937274
0.9994705553257605 0.0023510074083307572 -0.032451225608855584 -0.08178436768971785 -0.0034688537071849287 0.9994009617431806 -0.03443377674311222 -2.2136735870762236 0.03235082670866245 0.03452810802776927 0.9988799894205134 22.408475793407803
0.9994656321507154 0.003957551997162797 -0.0324466976423497 -0.10557999004723116 -0.005165155280832998 0.9992937790784595 -0.037219142320338204 -2.261216273199825 0.03227648112753725 0.037366838804703956 0.9987802298697094 23.112973066596805
0.9994471372376313 0.00498074422559947 -0.032872668350947945 -0.12740522147559516 -0.006242970862422556 0.9992426692923964 -0.03840720608978592 -2.3054817912716667 0.03265647105296398 0.03859118801935801 0.9987213197565014 23.7495122612403
0.9994072529728087 0.004019211014888759 -0.03419048006136066 -0.1487719126109007 -0.005317636907034916 0.9992647120827856 -0.037970491487388944 -2.3486377219145327 0.03401272322012298 0.03812978997684163 0.9986937734845698 24.37587378025364
0.9993684322832975 0.0031544643939219416 -0.03539471990476861 -0.17272750845554932 -0.004465941691388877 0.9993039805051621 -0.03703525622058481 -2.3942632911871047 0.03525325230329974 0.03716992971952571 0.9986869399103935 25.056677980795826
0.9993414318109415 0.004439205903166208 -0.036013836553904534 -0.19622751822970563 -0.005791544186470133 0.9992785855523738 -0.037533541816021 -2.4343522496264742 0.03582123064754845 0.03771739205915863 0.9986462022037411 25.671290213736654
0.9993038256780128 0.006589965980715805 -0.03672106572108718 -0.22322548027288647 -0.008136698173092519 0.9990789137013647 -0.04213215741093442 -2.478087718202063 0.036409587001497754 0.04240160633169177 0.998437001053588 26.346746392626414
0.9992823748210521 0.007069058396628124 -0.03721241903203531 -0.2465864530845332 -0.008745964220563401 0.9989444205366927 -0.04509493526245209 -2.5190266858798713 0.036854353608271787 0.04538802393411349 0.9982893784673765 26.957845179298985
0.9992599818686428 0.007293120318701107 -0.03776637904759273 -0.2699469143827096 -0.008959610935805898 0.9989848786820403 -0.044146776945396086 -2.5597309380999724 0.03740606771019362 0.044452471222181156 0.9983109551477817 27.564659258124795
0.9992594712079798 0.0053517726468291695 -0.038103386643537886 -0.2936716792247268 -0.006898555770755356 0.9991525045270709 -0.04057934149713251 -2.602231463771553 0.037853916571612176 0.0408121419933749 0.9984495227062321 28.221424748526204
0.9992495039446266 0.004259345338645408 -0.03850048289559261 -0.3156749531483552 -0.005759504717551197 0.9992250237324025 -0.03893816077672853 -2.6392006490490365 0.03830478856478573 0.03913067420681771 0.9984996408899474 28.807598357626976
0.9992488143712132 0.001815266840296726 -0.038710620063882754 -0.33648463958371566 -0.0033288504761350935 0.9992308752416733 -0.03907143525997118 -2.674487315621445 0.03860991534099075 0.03917093987053959 0.9984863099964407 29.387601850496665
0.9992283655665299 -0.0015779130349733333 -0.03924517725542392 -0.3590318868499716 -1.1045788128022505e-05 0.9991813664027038 -0.040454879787846 -2.7129247188698007 0.03927687766710378 0.04042408930860115 0.9984103460988124 30.01388261827441
0.9991883242740438 -0.0030615639077836497 -0.04016615193882748 -0.3812199139791392 0.0014262306696607749 0.9991712137213669 -0.04067987143611895 -2.746418267838806 0.040257400196208305 0.04058955875069468 0.9983645770687942 30.58233532172401
0.9991330284341718 -0.005299355500509178 -0.041292960915302136 -0.40553028343552816 0.0037265601325937236 0.9992680113821338 -0.03807301613243237 -2.77955109389488 0.041464490558989944 0.03788612010751292 0.9984214226710714 31.197295734897093
0.9990751553124863 -0.00808625554269024 -0.04223087491428414 -0.4272316203434324 0.006673278999163977 0.9994166785833802 -0.03349283880422777 -2.8064674738075737 0.042477065379074336 0.03318003852513867 0.998546335098406 31.744769917381372
0.999050999101171 -0.007501973288674867 -0.04290480037235841 -0.45133418808546305 0.006217588676202599 0.9995308252754135 -0.029991185315329665 -2.8306200866889184 0.04310965645860087 0.029695953730442586 0.9986289136949131 32.2920948373677
0.9990196408905904 -0.006053316492734329 -0.043853332891827544 -0.47885492864291834 0.004714393510833067 0.9995214740890606 -0.030571189123192576 -2.8586089541367605 0.04401739773040642 0.03033447087163971 0.9985701217074261 32.88580404308199
0.9989701245927552 -0.004484010646666391 -0.04515068312147416 -0.5048765596658966 0.002857409729440922 0.9993467549361129 -0.03602636461385824 -2.888941646930037 0.04528272378321259 0.035860241251266876 0.998330364818431 33.414105854493684
0.9989228452989696 -0.0037632983262493934 -0.04624918504169622 -0.5302014557164356 0.001802119966205068 0.9991002203252727 -0.04237337072223785 -2.92219457986337 0.04636702696405469 0.04224437355171796 0.998030816601116 33.935155005528706
0.99888094301824 0.00046331827315230047 -0.047293207308645425 -0.5608584687214394 -0.0025777651808500525 0.998999002279581 -0.04465813489527465 -2.9552191005640376 0.04722516821199368 0.04473006229473311 0.9978822596513265 34.51591244768456
0.9988418234725385 0.004018797367893909 -0.047946443434121494 -0.5883210934788078 -0.006086227691510359 0.999054301763845 -0.04305183319368001 -2.98135817587441 0.04772807610501008 0.043293776437223 0.9979216796939587 35.04680393630674
0.9987796166965796 0.006535680276956153 -0.048954700305812233 -0.6148528098756796 -0.008535616369256274 0.9991326778958908 -0.04075580368585527 -3.006965152908087 0.04864586587522024 0.041123916841695175 0.997969138976385 35.554162393417684
0.9987066033520872 0.008245036160194185 -0.0501711108426455 -0.6428063794625145 -0.010271120141764196 0.9991364207296096 -0.040260615496177966 -3.034003321944575 0.049795825648910004 0.04072384845804699 0.9979288266473231 36.08485243305574
0.9986375915622558 0.00926936776212535 -0.0513521190787535 -0.6677330674207353 -0.011328516781489531 0.9991373077277849 -0.03995378952741716 -3.056709378910739 0.05093746320745208 0.04048109194235395 0.997881082674531 36.54914361094013
0.9985415869063831 0.010767857059341409 -0.05290324289122755 -0.6954531769517225 -0.01283746217551205 0.9991591695382379 -0.038937818977900024 -3.0806587595069583 0.052439474679061536 0.03956016756900699 0.9978402145371367 37.0433774097632
0.9984651412468363 0.011085988710509129 -0.054262908453936345 -0.7196407162319696 -0.013172312051543572 0.9991816456310416 -0.03824303164289086 -3.1013539884284356 0.05379453143192728 0.03889909472362869 0.9977940708949378 37.47737077910867
0.998390187486313 0.010919347578109084 -0.055657902139614454 -0.743067248646878 -0.013023910182275684 0.9992083305909572 -0.03759109032347969 -3.120465735035233 0.05520336014303475 0.038255452133515194 0.9977420049739311 37.890701334555004
0.9983024366990185 0.012118142844053067 -0.056968379144494305 -0.769657961749289 -0.014166391980938647 0.9992625367914454 -0.035688879144297816 -3.1378685315453727 0.05649387474185354 0.03643532465750219 0.9977378955993448 38.34985199107969
0.9982150856995409 0.014093531252187715 -0.058034608849671154 -0.7943056257717577 -0.01598504020345821 0.9993517214418002 -0.03225857199133427 -3.1501487042190086 0.057542339488284654 0.03312867265666818 0.9977932497880885 38.76650843182627
0.9981220974470557 0.015656324409906667 -0.0592212706473707 -0.8180994770422895 -0.017401961353528443 0.9994256986293457 -0.029076532323221053 -3.160925474062492 0.058732018376155916 0.030052490185191374 0.9978213251761341 39.16381995182377
0.9979703176876422 0.01892313089688187 -0.060804284344762434 -0.845307194214018 -0.02074640726693317 0.9993495784160259 -0.029495876940201445 -3.1746588432788894 0.060206571545069344 0.03069747450496777 0.9977138030955408 39.59780672608618
0.9978545426069262 0.020940593512968817 -0.06203067183248665 -0.8687599879663624 -0.023114313629104075 0.9991361640639765 -0.03453482690164631 -3.1917249428814167 0.061253897539982886 0.035894523691040986 0.9974765872916834 39.975031317034315
0.9977744170167409 0.020175139642058967 -0.06355452322031752 -0.8901389716163439 -0.022838057534380944 0.9988792941354122 -0.041455748637634376 -3.21592310529184 0.0626469113740856 0.04281493934902608 0.9971169662130315 40.31582912651344
0.99770660774303 0.020536824577491803 -0.06449623757284235 -0.9090973477231795 -0.023478769790050258 0.9987023489698574 -0.045192541582758164 -3.2343543960196763 0.06348442213797156 0.04660318101073187 0.9968941119412476 40.61956356326097
0.997649404340249 0.02184797504836297 -0.06494869502394039 -0.9287796105406315 -0.024753083678392747 0.9987130598779049 -0.044266343129634025 -3.2445448361698954 0.0638979693806896 0.04576996283964134 0.996906293878644 40.94710034923056
0.997539997936423 0.023867198288791292 -0.06591138278243217 -0.9503565063198528 -0.02655442471297757 0.9988387488896309 -0.04019970664751218 -3.251772100948689 0.06487537796126232 0.04185104639755799 0.9970153830621562 41.292602110243685
0.9974864459749292 0.022858270542487832 -0.06706929701053735 -0.965389343468711 -0.02562069109293323 0.998846106376085 -0.0406206369871691 -3.261752307971335 0.06606337768364555 0.04223688875202672 0.9969210972470248 41.53313661758616
0.9975527650573766 0.01754469196245571 -0.067680615550579 -0.9737834881127485 -0.020583638978823024 0.9987987151057007 -0.044468424768003105 -3.2750217340734764 0.0668191159443969 0.04575270495588326 0.9967155534207804 41.69044134669041
0.9976540344801966 0.011557261049547397 -0.06747487058499632 -0.9787454567378832 -0.014946916821535169 0.9986399130938896 -0.04994911509015701 -3.2932164346940884 0.0668058128736783 0.050840467999855546 0.9964698835272788 41.794341984876276
0.997800788495373 0.009872161380708653 -0.06554485339032777 -0.9836411621491106 -0.013349769332624708 0.9985141358325379 -0.05283279967135756 -3.306255336805704 0.06492587798613735 0.05359160783978727 0.9964499829488946 41.91658436105964
0.99796116489185 0.013841791383863204 -0.062305048232095483 -0.9913902147977872 -0.0170644506529367 0.9985275745129393 -0.051492600655189666 -3.3126367061452897 0.061500548693754285 0.052450807356603645 0.9967279438245812 42.06675272991806
0.9982179248504396 0.015357328740905025 -0.05766392051543677 -0.9948717343437607 -0.018182052481635607 0.9986437857041734 -0.04878527070038954 -3.316667689464252 0.0568364950548128 0.04974677081340702 0.9971433550198391 42.19168522876648
0.9985049728186313 0.012837567587846772 -0.05313206914556827 -0.997250245130062 -0.01524775173273498 0.9988612119244019 -0.045208248445098416 -3.3154335802570225 0.052491190365523965 0.04595079689512824 0.9975636311506421 42.37024016117837
0.9988984986823949 0.008519697420724146 -0.046143304830926005 -1.002722211700346 -0.010383772525325184 0.9991332781186881 -0.040309677762848814 -3.3085081247538772 0.04575987761009832 0.04074441055921912 0.9981211979599922 42.72657579467029
0.9992634850664716 0.00841674161060927 -0.03743856611352011 -1.0105160194232523 -0.009839395992947732 0.999230086067312 -0.03797922651990652 -3.3036184265915898 0.03709007420464843 0.03831961993644209 0.9985769537204484 43.143296787838715
0.9995978095028673 0.012264039883279312 -0.025569763603104968 -1.0155545707208915 -0.013227566540751006 0.9991954998603707 -0.037860068349764735 -3.3049538078093628 0.02508487125849628 0.0381830599231004 0.9989558562257349 43.544576198909304
0.9997985661227223 0.01811056616175596 -0.008650707774887184 -1.0379672494771564 -0.018411572547533773 0.9991790912547445 -0.036085423090612086 -3.2926420194650983 0.007990077682783678 0.036237420485163006 0.9993112666624389 44.52501271856845
0.9997487166944204 0.020125412358142417 0.009872761071234469 -1.0988400153545976 -0.01979903254540789 0.99928817014418 -0.032111546432332515 -3.249134230217969 -0.010511989566217936 0.03190800005981264 0.999435529360215 46.686096825845226
0.9992405288801459 0.018339622392773924 0.034380575828006514 -1.209775346852939 -0.017489268181105033 0.9995376160033519 -0.024873273060938218 -3.150030906503101 -0.034820839274445105 0.024253086623235345 0.9990992426286202 50.591795859189894
0.9980405877049675 0.016849957103277604 0.06025831813641777 -1.3003110729292415 -0.015812566688830916 0.9997191563904264 -0.017651375073116208 -3.0361666618538337 -0.06053880961835848 0.016663946630467576 0.9980267355065975 54.3568847876678
0.9958628921731391 0.016362970083156254 0.08938318946199479 -1.3567793522602414 -0.015442908914347787 0.9998205127259943 -0.010975372984942559 -2.920948477711504 -0.08954672088758656 0.009549628026186151 0.9959368394187903 57.72147281539657
0.9919615873954651 0.016231463605704023 0.12549402907701604 -1.3713127809953813 -0.015670589089110887 0.9998623266534327 -0.005455296812090762 -2.8079500945291325 -0.1255652781684366 0.003444878339742383 0.9920793774856371 60.79723994262512
0.9865912096724431 0.01628141165071865 0.16239675177054697 -1.3364881653850156 -0.016080567724638638 0.9998674444995844 -0.0025512046551885224 -2.732355453982126 -0.1624167350243199 -9.443653487739911e-05 0.9867222461453963 62.89662291842508
0.9790929192441501 0.016104140920605737 0.20277504510039884 -1.264026467267038 -0.016303690294676557 0.9998668503896158 -0.0006863251193732973 -2.6744561793035446 -0.20275906418920853 -0.0026340058057770983 0.9792251106108334 64.55365932302186
0.9678612738819716 0.016928226798595732 0.2509143281410521 -1.1505916458061785 -0.017481766660735122 0.9998471819095683 -2.2779365652463603e-05 -2.6233633137392376 -0.2508763272309451 -0.004364378669968476 0.9680093028310747 66.09804374724709
0.9543245256336329 0.018057844679564835 0.2982258016294291 -1.0136021635016537 -0.018459890726108225 0.9998285228105397 -0.0014687618131852987 -2.5997342758456297 -0.29820113512235696 -0.004103540729075765 0.9544942269993021 67.10927146121229
0.9351471270429115 0.018574093659383742 0.3537723485643158 -0.8306521708913345 -0.018519359284419033 0.9998222338603738 -0.0035403202888803467 -2.5841969554401416 -0.3537751584265075 -0.0032409177077548394 0.9353248703496164 68.02576010132559
0.9135894735377457 0.018707271723395806 0.40620726146515074 -0.6383684706007815 -0.018149210308082944 0.9998216293852973 -0.00522641797232323 -2.5799425814519275 -0.4062325095635758 -0.002597541729376218 0.9137660387883915 68.73580155635503
0.8879149170058167 0.019215013323120467 0.45960626475960187 -0.42355368988095327 -0.017869863569656277 0.9998138397893722 -0.007276923708989904 -2.5827451225431406 -0.45966045304822045 -0.0017518136605990079 0.8880929928732992 69.32135765152078
0.8549861341653969 0.017914530358831653 0.518341417210586 -0.16318193335653977 -0.015147396380455052 0.9998394669842054 -0.009570608835633347 -2.589065056010032 -0.5184295718409702 0.0003312127946589299 0.8551202398610899 69.89578742151745
0.8213535943363424 0.017086369687032057 0.5701634706977977 0.09210696229477362 -0.013031142377625959 0.9998524649683583 -0.011190958897661172 -2.597609889669412 -0.570270468300663 0.0017618503333204885 0.8214550715986089 70.34293423065849
0.7808723315049441 0.015567171090554823 0.6244967015574997 0.3917136213563736 -0.01089635699677215 0.9998767860757002 -0.0112996471177695 -2.60630311317142 -0.6245955530707971 0.0020188399230920404 0.7809457434635154 70.74307692605956
0.7411744145099378 0.014476407620621802 0.6711564618261182 0.678730815558946 -0.010580229019359361 0.999895186143323 -0.009883088051505529 -2.6134668407751125 -0.6712290737454157 0.00022410024203972133 0.7412498937855878 71.03801005714891
0.69902957768419 0.013496234164330104 0.7149654444561621 0.9789111113150347 -0.010348611871472594 0.9999081056180625 -0.008757082595969913 -2.6214071535175982 -0.715017810212398 -0.0012774426840089852 0.699105009061555 71.2956365255768
0.6508653522604326 0.01203153786411082 0.7590979066439303 1.322619119628161 -0.007754085865271036 0.9999276131795053 -0.009200137012033963 -2.6300591929683517 -0.7591535217315821 0.00010193711017206063 0.6509115328031921 71.57864214960814
0.606254988037286 0.009571726507590101 0.7952127875916645 1.6492876873173676 -0.0024874629258201677 0.9999454986296249 -0.010139640787101415 -2.6402989311510083 -0.7952663671355247 0.004169141620368431 0.6062457567082478 71.84085756166367
0.557129116519974 0.009126864330403781 0.8303757965837005 2.0145016699602167 2.936660939780925e-05 0.9999393845347285 -0.011010287792794934 -2.6559838691367803 -0.8304258122928887 0.0061585328866955915 0.5570950789839959 72.06976808694645
0.5119924567002276 0.011152648778989246 0.8589176133658277 2.3460304325604406 -0.0019766545295338512 0.9999283607319405 -0.011805349292256772 -2.680128402762358 -0.8589875971652162 0.004346462317092578 0.511977824039089 72.18993883825352
0.4674765353358843 0.01338657432528529 0.8839041915056229 2.6821821026115624 -0.003761435150415163 0.9999064065598389 -0.013154077355319559 -2.702680314847817 -0.8839974028101671 0.002824470360212726 0.46748313653457374 72.29132274840289
0.42121543989493104 0.013513339844953719 0.9068600118175336 3.0660463857575593 -0.0007563143135013154 0.9998938807723458 -0.014548375958605595 -2.7176684839281795 -0.9069602206997327 0.0054421249604292175 0.42118096240278485 72.44483954206642
0.3820490549334627 0.00820983940255471 0.924105655057452 3.433693331219616 0.01078118517015836 0.999852894341174 -0.01334001040712005 -2.725017946426825 -0.9240790773081322 0.015059486252513462 0.3819043428055006 72.62397276028362
0.346201088806175 0.0028280778693082157 0.9381561469586461 3.805940557872647 0.0206867291819772 0.999729307691483 -0.010647572843013521 -2.729846262765204 -0.9379321491696376 0.023093575579681534 0.3460488724164592 72.77164099077093
0.30997987711882097 0.0026688043595097643 0.9507394518505002 4.207303436874252 0.022794420911182695 0.9996877489697205 -0.010238123951419612 -2.7518605051604452 -0.9504697456021053 0.02484515941471381 0.30982225301224964 72.86320519122002
0.2790064793491827 0.008422488796657029 0.9602523633443458 4.56551356093419 0.016672722455499868 0.999768320506256 -0.013613443656654995 -2.8022822511375503 -0.9601443896102471 0.01980825285345001 0.27880141474525666 72.91002960593674
0.25024371603180384 0.014096169625021356 0.9680803367032768 4.9300263499112225 0.009143918618712466 0.9998150016726484 -0.0169219191826263 -2.8463447422777164 -0.9681396143613313 0.01308664576589202 0.25006852844305855 72.95878715288387
0.2216901997920484 0.01730348818759207 0.974963694001929 5.350827941166112 0.007241788398676816 0.9997857558845946 -0.01939069369142906 -2.874004460294036 -0.9750901759018211 0.011359201868753336 0.22151739708819498 73.02267648042428
0.1980092893019705 0.01842873339938975 0.9800269714858808 5.749843796827931 0.010996716358427822 0.9997185584015318 -0.02102085719563041 -2.8899187461819786 -0.9801383735261886 0.014939397277576235 0.1977509070162272 73.08273844211614
0.17717622281599368 0.021694786450901834 0.983940082184824 6.160752591182876 0.018058713010522212 0.9995170317061717 -0.025290048347741102 -2.927515275850821 -0.9840133664535167 0.02224947906003774 0.1766988737097388 73.14547017209559
0.15624232760624865 0.02955220208927054 0.9872766413504698 6.616952995371928 0.023776613544664423 0.9991501271267434 -0.03367041145832306 -3.0240655924835 -0.987432449841714 0.028734829640090484 0.15540689150728548 73.21009594469022
0.1382052578058052 0.03372036017510249 0.9898294848239387 7.040311898493054 0.024269559669871484 0.9990048115683167 -0.037421591313809614 -3.0934150307409465 -0.9901061203785928 0.029194577358598116 0.13724934054388466 73.26118805916946
0.12218688011192026 0.03187538832377791 0.9919952074959016 7.480467004271511 0.022226720267551688 0.9991456082460203 -0.034842889205342724 -3.124817290874778 -0.9922581181156496 0.026306135407108598 0.12137400062252239 73.30863302657944
0.10618367854102559 0.027902778936592435 0.9939550431326309 7.982027136035512 0.02126940886809215 0.9993137552838884 -0.030325421219665135 -3.1505273871510293 -0.9941189424774501 0.02436089286183604 0.10551733626049346 73.35638386009997
0.0927872407265037 0.02516826976198663 0.9953678983573151 8.451556521707914 0.022568687312173583 0.9993704799585432 -0.02737331803434375 -3.1706648019287127 -0.9954300653609874 0.025004033264124682 0.0921608158139482 73.3941332227303
0.07976204691766049 0.0233731611036819 0.9965399533129031 8.98497955995509 0.025941925512843605 0.9993377775605863 -0.02551515728657851 -3.1929793653712166 -0.9964762238757479 0.027887297619888375 0.079102883222153 73.4292931181677
0.06939844317626645 0.023300957815621227 0.9973169451385234 9.484090771432717 0.029535876229952247 0.9992409182362519 -0.025401176791776958 -3.2169991998840244 -0.9971516034500262 0.0312194225521583 0.06865755120176603 73.45865043229088
0.06061926776269851 0.023880258830908923 0.9978753456327588 9.997909947505473 0.032370833939200046 0.9991408854454935 -0.025877028810545898 -3.244690647573042 -0.9976358381181853 0.03387069371523514 0.059794166296569945 73.48965928874436
0.05347364993542218 0.024311928822735713 0.9982733427415352 10.582234180414002 0.03454131937587196 0.9990602758239202 -0.026181348912544124 -3.276263399542205 -0.9979715917436764 0.035881680333083005 0.05258363467623585 73.5254032925255
0.048113040150354315 0.02503566379846025 0.9985281763399214 11.13186522679081 0.03640841386412877 0.9989775379629446 -0.026801242069844463 -3.30933712980416 -0.9981780375338103 0.03764430569133036 0.0471523389030985 73.55875508508552
0.04250865021975732 0.026107749293126824 0.9987550091000718 11.694820534172457 0.0372734195008586 0.9989211604033497 -0.027698520686370937 -3.348112168828768 -0.9984004901024544 0.038404430375454233 0.04148966643061375 73.59719231916688
0.036995040926073315 0.026524919132386932 0.99896344467977 12.336492629388909 0.03900577479490354 0.9988475520629089 -0.02796636985773145 -3.384150899902804 -0.9985538284029872 0.03999994906235139 0.035917782361455146 73.63665467148071
0.03355819573213019 0.026562809730085568 0.9990837967244849 12.93947251063756 0.041125353275156734 0.9987633878116532 -0.027935659635067528 -3.4180608216923196 -0.9985901985044281 0.04202513295312263 0.03242429363856014 73.66658278458446
0.03064071876177301 0.02643686006144743 0.9991808680410295 13.558793000037538 0.04259934591839569 0.9987073171900174 -0.02773068563353751 -3.453256766443465 -0.9986221877202205 0.04341412783532596 0.029474918398034473 73.70208103909317
0.02773212825744441 0.025841996132040454 0.9992813861032689 14.259815660135418 0.04379397381379005 0.9986745394078664 -0.027041686476902402 -3.492780011116347 -0.998655520507328 0.04451241442744249 0.026563648025567932 73.74567814358966
0.02615099443316919 0.025595494916415124 0.999330358021511 14.914065534672813 0.04718175783659984 0.9985264784324756 -0.026809592343597942 -3.526589686547609 -0.9985438593162588 0.04785124786568115 0.024904821246330908 73.77659100233053
0.026341297788282765 0.025156219709243866 0.9993365143819664 15.655069967362103 0.05115827811207985 0.9983394522874643 -0.02647960104018091 -3.56342886548104 -0.9983430264395386 0.05182182903900057 0.025010609229272753 73.80480678662767
0.027884274711569304 0.02489997102061178 0.9993010692430361 16.344720083410927 0.054109006943771465 0.9981864571959148 -0.02638205363384823 -3.6028862314026786 -0.9981455377275216 0.05480681900389794 0.026486393985115132 73.83823411082518
0.030832840339363645 0.024886610470721375 0.999214772141957 17.050731221751256 0.05604653260805972 0.9980740875291343 -0.02658764234211957 -3.6439460929138754 -0.9979518796485142 0.05682228153002547 0.02937865206434716 73.88100224440508
0.035097893347437646 0.024774552278599708 0.9990768377265302 17.846719426065267 0.05788020716702382 0.9979642762221125 -0.026780324224121584 -3.693662208008418 -0.9977062952249335 0.05876669261986327 0.03359248881280828 73.93080348973855
0.039047179559899094 0.023748168406162007 0.9989552094376108 18.587384961258692 0.059237013634506314 0.997904286778591 -0.026038652303870816 -3.741271405190916 -0.997479887558799 0.06019184432971645 0.03755857859267806 73.98274934932483
0.04302809126387793 0.022353242564075494 0.9988238503662259 19.34469775289526 0.059781823866494554 0.9979006613350012 -0.02490791851209688 -3.7884715179077912 -0.9972835850732338 0.06078323660583394 0.04160144441756835 74.04497703439364
0.04725432869265228 0.020386877967739556 0.9986749079292142 20.195150297561632 0.05863942493096033 0.9980108165114961 -0.02314797398425367 -3.8400963578663867 -0.9971601067309278 0.05965554939573535 0.04596485766367617 74.12746433661398
0.051216889027283406 0.018875612780971593 0.9985092436048341 20.983043818647957 0.05692749030287028 0.9981405292395212 -0.021788653777593536 -3.8867315396822346 -0.9970636505973218 0.057958557797498894 0.0500471127603022 74.21373870904273
0.05553168222828551 0.018516832070213513 0.9982852934722225 21.859963287546705 0.05512005689885076 0.9982464549672186 -0.021582287799866734 -3.9372764188344274 -0.9969342224276961 0.05622402870719378 0.05441365739111742 74.31217795888342
0.05918036740259921 0.02046631223868829 0.9980375654499537 22.662649387574472 0.05319186765446434 0.9983047843633082 -0.02362590541546583 -3.989298322210845 -0.996829043321307 0.05448565797263422 0.05799140385156188 74.40407398590104
0.06149428864363879 0.025232324048311747 0.9977885297303457 23.470592717657457 0.04906034982274747 0.9983956210314219 -0.028271304604545126 -4.067793012870209 -0.9969008811261757 0.050690364927688296 0.0601577231598556 74.51702607954145
0.0620984577616679 0.029728734795463434 0.9976272608438389 24.364943689913588 0.045848052970686705 0.998416144572554 -0.03260611910528376 -4.141210118955036 -0.9970163337646506 0.047764044618687995 0.06063709947760745 74.64182428904805
0.06237498540046054 0.03131753256092053 0.997561397123781 25.181738055939313 0.04298843897679982 0.9984956809860813 -0.03403483310199768 -4.195511999109524 -0.9971264651411551 0.04500651740219571 0.06093486299071374 74.74555625402364
0.06234853422954771 0.029793045978438924 0.9976097445354616 26.003003531411224 0.04090092185449639 0.9986383984482817 -0.03237999980974087 -4.237832296239724 -0.9972159279794204 0.04282199208562688 0.061045078630958406 74.84456396978659
0.06250428676231448 0.028485216627701256 0.9976381980879593 26.904817813447302 0.04022118389665783 0.9987086861468107 -0.031035740791028756 -4.282202369131062 -0.9972338254598407 0.0420660447705685 0.06127786628427572 74.94615514184953
0.06268968946620669 0.02746993443434375 0.9976550372042676 27.72480383150627 0.039214050318375805 0.998781434725896 -0.029965054731108345 -4.321339648051317 -0.997262299107823 0.04100058350952728 0.061536091908043426 75.03569141234938
0.06288930228067652 0.02711212714107002 0.9976522620344862 28.543254721683788 0.03743653905017263 0.998863336078869 -0.029504948013410005 -4.361963676306182 -0.9973180402028344 0.039204182509163764 0.06180283538698381 75.12663574787616
0.06318587572769728 0.02747722104338357 0.9976235337758027 29.444153820089447 0.035457632582852304 0.9989280072144481 -0.029758918882708655 -4.4087015337703575 -0.9973716125368187 0.037253701489922596 0.062143865031844374 75.22601181908544
0.06274618838249645 0.028454159482998224 0.9976238992530023 30.259926874296916 0.03277552590300923 0.9989955825070979 -0.030554730816274293 -4.4549220887820375 -0.9974911091342639 0.034614830777541815 0.06175056628906177 75.31742348453587
0.06077531599949578 0.02900907572985636 0.9977299244966452 31.158647399875907 0.02999812743282076 0.9990729806691664 -0.030875429808816957 -4.506569103762761 -0.9977005088239049 0.031806483892776904 0.05984875947570571 75.41999605706947
0.05766740190977907 0.028308187061338343 0.997934509435405 31.975353895332887 0.027339451711324684 0.9991782367452507 -0.029923336611452953 -4.550366606675489 -0.9979613504784023 0.029008574420087387 0.05684608396782523 75.51188929615606
0.0536419330901889 0.02653754452176309 0.998207628535277 32.79139007477423 0.0254013258786599 0.9992870543473523 -0.027931274437660837 -4.588792625014624 -0.9982370196927998 0.026854076245940165 0.052929601818020554 75.5956517469788
0.047942887909670225 0.02401377658079372 0.9985614583420853 33.68810198023857 0.023347911290733447 0.9994108723244413 -0.02515519228630308 -4.6278990815269685 -0.9985770807810378 0.0245203287864069 0.047353973234518364 75.68223893983894
0.041549803418270484 0.023084277462739073 0.99886981040408 34.49596508316369 0.022223835392497858 0.9994643678055387 -0.024022468332192466 -4.661964075765428 -0.9988891563163755 0.02319683921428989 0.04101452815836588 75.75136564592957
0.03403672703699176 0.02356985698041522 0.9991426981772003 35.299032546858285 0.02151392009481535 0.9994729355089202 -0.02431054875854635 -4.6970231124378286 -0.9991889130671736 0.022322919990272288 0.03351170880294408 75.81043931573183
0.02430139533430721 0.024318567229287553 0.9994089342396992 36.17530300205201 0.022098034668491473 0.9994467546239303 -0.02485682805334423 -4.737510975690664 -0.9994603296346093 0.02268902112607718 0.02375055949342309 75.86085191624036
0.014909052397219751 0.024427733863471253 0.9995905033623512 36.96745117803011 0.022821551713094516 0.9994327930104765 -0.02476427677156605 -4.772376317992164 -0.9996282950958342 0.02318141042158966 0.014343118422212127 75.8940872575341
0.0038590554140596495 0.023152761983579975 0.9997245749719843 37.83490911606561 0.022988660934953997 0.9994656735890747 -0.023235514662309317 -4.805749832966807 -0.999728193343315 0.02307198860790997 0.003324743760837947 75.92095877803291
-0.006508385215371973 0.022261067840445986 0.9997310909922695 38.61464398356914 0.02344512193961131 0.999480760016618 -0.02210287226593551 -4.835385247584826 -0.9997038554537705 0.02329495548095198 -0.007026917913803382 75.93442453525641
-0.017019596814293346 0.022046739973679074 0.9996121463197261 39.38973335089097 0.024384373608136962 0.9994686660843024 -0.02162841169055338 -4.865116101272342 -0.9995576857507615 0.024006801218515603 -0.017548148332268372 75.93583629886471
-0.028650073850968797 0.022506247295947832 0.9993361849295175 40.23374999148523 0.024703303705120225 0.9994570896680558 -0.02180075815267782 -4.8984685703054245 -0.9992841195877925 0.024062303976189643 -0.029190496755296575 75.9272344673187
