1.0 0.0 2.0312542382209124e-34 0.0 0.0 1.0 -1.925929944387236e-34 1.2037062152420224e-35 5.115751414778595e-35 0.0 1.0 0.0
1.0 0.0 2.0312542382209124e-34 0.0 0.0 1.0 -1.925929944387236e-34 1.2037062152420224e-35 5.115751414778595e-35 0.0 1.0 0.0
1.0 0.0 2.0312542382209124e-34 0.0 0.0 1.0 -1.925929944387236e-34 1.2037062152420224e-35 5.115751414778595e-35 0.0 1.0 0.0
1.0 0.0 2.0312542382209124e-34 0.0 0.0 1.0 -1.925929944387236e-34 1.2037062152420224e-35 5.115751414778595e-35 0.0 1.0 0.0
1.0 0.0 2.0312542382209124e-34 0.0 0.0 1.0 -1.925929944387236e-34 1.2037062152420224e-35 5.115751414778595e-35 0.0 1.0 0.0
1.0 0.0 2.0312542382209124e-34 0.0 0.0 1.0 -1.925929944387236e-34 1.2037062152420224e-35 5.115751414778595e-35 0.0 1.0 0.0
1.0 0.0 2.0312542382209124e-34 0.0 0.0 1.0 -1.925929944387236e-34 1.2037062152420224e-35 5.115751414778595e-35 0.0 1.0 0.0
1.0 0.0 2.0312542382209124e-34 0.0 0.0 1.0 -1.925929944387236e-34 1.2037062152420224e-35 5.115751414778595e-35 0.0 1.0 0.0
1.0 0.0 2.0312542382209124e-34 0.0 0.0 1.0 -1.925929944387236e-34 1.2037062152420224e-35 5.115751414778595e-35 0.0 1.0 0.0
1.0 0.0 2.0312542382209124e-34 0.0 0.0 1.0 -1.925929944387236e-34 1.2037062152420224e-35 5.115751414778595e-35 0.0 1.0 0.0
1.0 0.0 2.0312542382209124e-34 0.0 0.0 1.0 -1.925929944387236e-34 1.2037062152420224e-35 5.115751414778595e-35 0.0 1.0 0.0
1.0 0.0 2.0312542382209124e-34 0.0 0.0 1.0 -1.925929944387236e-34 1.2037062152420224e-35 5.115751414778595e-35 0.0 1.0 0.0
1.0 0.0 2.0312542382209124e-34 0.0 0.0 1.0 -1.925929944387236e-34 1.2037062152420224e-35 5.115751414778595e-35 0.0 1.0 0.0
0.9999941783821295 -0.0018153812430971817 -0.0028892171817374505 0.09218453447369312 0.0018129442191641616 0.9999979987576849 -0.0008460069174394506 -0.020969518081309715 0.002890747373714764 0.000840763892897452 0.999995468339104 1.0299573140045484
0.9999906122429094 -0.0019016153677298754 -0.0038934901638850356 0.1045563391115235 0.0018959909829073416 0.9999971544957554 -0.0014478378645983777 -0.04193455588262299 0.0038962325167416923 0.001440442058020737 0.9999913722139512 2.178504968521484
0.9999859786515104 -0.002587446110629085 -0.004620346015978996 0.1034509616120448 0.00257914329544533 0.9999950500908265 -0.0018021751757865663 -0.06421382724867297 0.004624986416115036 0.0017902331328093564 0.9999877022093923 3.440119890017024
0.9999821621706111 -0.003037658694530197 -0.005142756088099346 0.09920458744205705 0.003028426854550082 0.9999937905868798 -0.0018020664249508473 -0.08405430124142678 0.005148198483226762 0.0017864595822707982 0.9999851521996067 4.584801832522442
0.9999782155044881 -0.0033626112855595853 -0.0056799056487429845 0.09280553142303674 0.003347940385126658 0.9999910400211744 -0.0025905987828861265 -0.10636752797699608 0.005688566229256026 0.002571526015084456 0.9999805135463007 5.844750467456959
0.9999747568812583 -0.0034393594569729585 -0.006217424822751049 0.08563267672581265 0.0034155028669899733 0.9999867800292906 -0.0038437144398148584 -0.12651244323472677 0.006230562870843047 0.003822381255638523 0.9999732843878066 6.991588695940676
0.99997046200377 -0.0035224165968287826 -0.006831373501819485 0.07753640847939408 0.0034934214164714732 0.999984858952753 -0.004251812304118725 -0.14691649770016468 0.0068462470806374635 0.004227821267083052 0.9999676266908781 8.139374900974198
0.9999665934981197 -0.003135406818635275 -0.007548581041746397 0.06755223297892576 0.003103326297837481 0.9999861196474691 -0.004257923345064162 -0.17010642190717334 0.0075618269807351 0.004234354813146536 0.9999624438023695 9.401798415172399
0.9999604589329798 -0.0032384228434083305 -0.008282098129259912 0.05737086003087631 0.003197368326609849 0.999982559987704 -0.004965540485225265 -0.19165704688432433 0.008298034642213958 0.004938862546315476 0.9999533740431822 10.547517395274587
0.9999532152067232 -0.003245787483341561 -0.009112201745683522 0.04481167267444688 0.00319732334571085 0.9999806935043839 -0.005328206013495089 -0.2146271541096041 0.009129320521119682 0.005298821352322762 0.9999442874492499 11.808326622165543
0.999945451676197 -0.0036261878499664045 -0.00979512064615877 0.03269733694682758 0.0035849168903296655 0.9999846370706973 -0.004227768904333185 -0.2348126956331264 0.009810301355371542 0.004192423027022043 0.9999430891732485 12.95474700580181
0.9999337085223526 -0.004531205789024085 -0.010585210457532824 0.019602546084215484 0.004495128599315521 0.9999840155320839 -0.0034296559740123155 -0.25407924332641674 0.010600582280240892 0.003381846287711629 0.9999380934760489 14.100331486860558
0.9999218997796038 -0.005097305168627987 -0.011411036761522537 0.004134564412055748 0.005050863800773547 0.9999788593610952 -0.004095076710921934 -0.27482274923369016 0.011431669969393144 0.004037120754269281 0.9999265065950601 15.364034095064888
0.9999084843845034 -0.005757038031594359 -0.01224252016562058 -0.010959922621298121 0.005694790927527225 0.9999707109054675 -0.005113388689762982 -0.2939074128721925 0.012271600200998803 0.005043201463597125 0.9999119831065637 16.508057973564608
0.9998975216039625 -0.005829938690603548 -0.013075092089440625 -0.028678067106910777 0.0057551697017193025 0.9999669137382747 -0.005748870298445532 -0.3156126427054734 0.013108175723241081 0.005673031023716964 0.9998979910275486 17.770418466869774
0.9998884913303249 -0.006018450980898787 -0.013666860563250683 -0.045070707944914294 0.005941558703981934 0.9999663310535101 -0.0056599204978148325 -0.33553387961175585 0.013700465076346433 0.0055780861629629985 0.9998905851273221 18.91738020103374
0.9998785784520785 -0.006323350432627502 -0.01424231414887671 -0.06214044368352179 0.006248050264704557 0.9999663001080155 -0.005325465054031273 -0.355763824218812 0.014275509701987453 0.005235831033793352 0.9998843912742656 20.063421510445718
0.9998648402550487 -0.0071454642323570535 -0.014806872527050345 -0.08140607773675314 0.007065684644193324 0.9999602762080778 -0.005433431310419481 -0.3778095265119202 0.014845109496437813 0.0053280755272724885 0.999875609440694 21.32349614740584
0.9998566745746026 -0.007172926160886742 -0.015335558301193411 -0.10013156875925526 0.007088081040814188 0.9999593112375106 -0.0055798787388706104 -0.39744320601795385 0.015374959166828588 0.005470378591543453 0.9998668339379014 22.468816335726608
0.9998462461204654 -0.007990507212748507 -0.015608837703345372 -0.12046814194314953 0.007907951681116512 0.9999544535611297 -0.005343704728395131 -0.4186520767042726 0.01565082649378276 0.005219448487294731 0.9998638952425697 23.728873310815445
0.9998446543788236 -0.008187570278016532 -0.015608673945658355 -0.1387364788919393 0.00811644845750269 0.9999564135691649 -0.0046145749976382894 -0.43707382270962886 0.01564577658030803 0.004487170559487086 0.9998675287257716 24.873856969357586
0.9998489733679804 -0.008009157386915681 -0.015423480622304137 -0.15658661195322468 0.007954087438099873 0.9999617819365731 -0.003628667874276523 -0.45494752595831256 0.015451954529895843 0.003505439688396125 0.9998744666311642 26.01982154405894
0.9998547498163247 -0.007527862615425005 -0.015290861996481817 -0.17628944014091721 0.007475875485321754 0.9999660890151233 -0.0034542975938558493 -0.4743996571928118 0.015316347729246718 0.0033394828521579423 0.9998771211372718 27.275553043443637
0.9998613642677415 -0.006953543344200414 -0.01512945444214707 -0.19397088421441575 0.006895797768164058 0.9999687517845846 -0.003865681049340761 -0.4914891197085855 0.015155862630323275 0.0037608149844577166 0.9998780706286262 28.42001730645602
0.9998801057422352 -0.004891916044601732 -0.014691604042165138 -0.21305401389950882 0.004847472721274592 0.9999835714257534 -0.0030592367321987924 -0.5093858212833833 0.014706328958134179 0.0029876524198209618 0.9998873925837853 29.678659246744054
0.9999010760354968 -0.0038784738806929603 -0.013520189568515698 -0.2278563990449157 0.0038686512375275383 0.9999922335111522 -0.0007526510407495153 -0.5236633679102225 0.013523004383095909 0.0007002716323861623 0.999908314797377 30.822412702769853
0.9999236299774201 -0.003289165394966046 -0.011912831544405061 -0.2405110127996048 0.003310533673071201 0.9999929459388499 0.0017743896453027899 -0.5354478726577266 0.011906911842022212 -0.0018136916661426043 0.9999274653703798 31.9631469991574
0.9999455047337621 -0.003081453385336341 -0.00997457598702257 -0.25209221437813534 0.003130286158713551 0.9999831749705058 0.004883758658269173 -0.5439241412353176 0.009959359575245762 -0.004914715057539897 0.9999383264783128 33.217025003324885
0.9999580165049391 -0.0032641198546887683 -0.008562167342607927 -0.26197994230466076 0.0033265528509658043 0.9999679121491104 0.007287573868095541 -0.5490757405031542 0.008538105493699977 -0.007315749337253515 0.9999367882976852 34.35837788825678
0.9999659980979865 -0.004045691729860954 -0.007185748682861098 -0.2704298344582757 0.004098126440667721 0.9999649770894473 0.007297258025034703 -0.5527534240594846 0.0071559748995776665 -0.007326456938010424 0.9999475561616521 35.50424121890784
0.9999710175939645 -0.005008333505315099 -0.005734153900926916 -0.27761657827309366 0.005039728454953464 0.9999723199805444 0.0054736129257056 -0.556922142387511 0.005706581773743417 -0.005502352057361405 0.9999685790385108 36.77066012890709
0.9999813123366208 -0.003798554477569043 -0.0047901906375909745 -0.28411894840130836 0.003820861103892124 0.9999818609393032 0.004656053302050456 -0.5624133686434596 0.00477241770383691 -0.004674268258189323 0.9999776873815849 37.924465924547626
0.9999809311166936 -0.004436318216044167 -0.004296096441869277 -0.2907704140049346 0.00445343449571534 0.9999821527293256 0.003982608333743104 -0.5686631207922983 0.004278351856406798 -0.004001664184965386 0.9999828410543175 39.190329579006836
0.999978065217591 -0.004728922160814882 -0.004637492513690858 -0.29816219393594523 0.004744615212977564 0.999983036681307 0.0033786098076641815 -0.5756681306832552 0.004621436888981419 -0.0034005383118114385 0.9999835392016334 40.342757905192805
0.9999715139062307 -0.004852701285842058 -0.005781230045911173 -0.30766005932965174 0.004868835034500169 0.9999842836081166 0.002779750358740813 -0.5829651998138805 0.005767650172246651 -0.002807818606684737 0.9999794249792079 41.49750571773344
0.9999615073188811 -0.0047918804598678 -0.007349946511808664 -0.3204412313305927 0.00481927300025039 0.9999814917215073 0.003713603440571891 -0.5907542412846065 0.00733201569287361 -0.0037488813301946944 0.9999660931525655 42.763951204765014
0.9999527267957494 -0.004660118117238472 -0.008533898443677232 -0.33322456776049303 0.004698353804625822 0.9999789909016734 0.0044657869871664 -0.5974640844948365 0.008512908475482747 -0.004505670474936646 0.9999536135973918 43.91478048968335
0.9999455120679293 -0.004193235447465281 -0.009559791975457256 -0.3480289419460461 0.0042363144330456745 0.999980944829309 0.004490394329637214 -0.6045944206319745 0.009540780998217948 -0.004530647261260906 0.9999442218241438 45.1790859778188
0.9999400034158711 -0.0036626998009845566 -0.010323475766536395 -0.362141841564997 0.003707146683374021 0.9999839284824538 0.00428950571482014 -0.6112109876330645 0.010307599186134523 -0.004327518344353573 0.9999375110535264 46.32903239922148
0.9999357768919603 -0.003582373381515642 -0.010752146063876927 -0.3764053297958441 0.0036252730049475507 0.999985536375826 0.003972965326906908 -0.6181074452416264 0.010737758431262524 -0.0040116890257560715 0.9999343013037331 47.475347819599634
0.9999280411459212 -0.004760205617594583 -0.011011490143748165 -0.39189877500068576 0.004795023297911698 0.9999835814297996 0.003137618718928703 -0.6264668255560488 0.010996374184927625 -0.003190192797169364 0.9999344490781652 48.736701700061566
0.9999217399520002 -0.005422038166206712 -0.011274546996857218 -0.4067473342692737 0.005457051644234165 0.9999803761627909 0.003076997074315355 -0.6338607375490641 0.011257642709690275 -0.0031382815656010475 0.9999317060172767 49.88392639545221
0.9999166942769342 -0.005570185830468669 -0.011643773888007199 -0.4237120896070095 0.005625743135333977 0.9999729222592088 0.004744027460455867 -0.6405789199580229 0.011617034057596488 -0.004809136408676914 0.999920955255197 51.13745033292754
0.99991380424216 -0.0055305006860916035 -0.011907878987826229 -0.43907245451363797 0.005588559658309838 0.999972632850999 0.004847843189027146 -0.6470324494011213 0.011880742687065503 -0.004913972473694257 0.9999173470143816 52.276272376385236
0.9999167856559058 -0.0046614000917618295 -0.012028842562421569 -0.4541193550173242 0.004700783105852762 0.9999836771683084 0.0032477781738419415 -0.6545484791704228 0.012013507618855874 -0.003304052378542522 0.9999223764392924 53.41941931580861
0.9999235855092329 -0.0027591477801946723 -0.012050319541459138 -0.4703896256344185 0.0027920532286385214 0.9999924175201198 0.0027146556033289786 -0.6632331108468488 0.012042738629966389 -0.002748092865309929 0.9999237073210744 54.67580483942761
0.99992725354436 -0.0008805226332780722 -0.012029641198922431 -0.48515475502353234 0.0009185368337448719 0.9999946015303113 0.0031548693740715917 -0.6709695552427564 0.012026798915046839 -0.0031656890462762877 0.999922664285606 55.81216592619566
0.9999292788939257 0.0010155319995582626 -0.01184929896439099 -0.5010924370170576 -0.0009773867333353527 0.9999943234349002 0.003224562257858136 -0.6789421739940513 0.011852506927992832 -0.003212752370175604 0.9999245953233739 57.06055928193695
0.9999347410276138 0.0016019724960440618 -0.011311381679346236 -0.5143462239238851 -0.0015575953025131978 0.9999910606000583 0.0039309796892626585 -0.6854902036067096 0.011317578434975196 -0.003913104009114892 0.9999282974621604 58.19177468183946
0.9999461100881457 0.0030435714781681745 -0.009925401196258121 -0.525644746689993 -0.0029965318058745288 0.9999842251554496 0.004750811870060284 -0.6911782746327935 0.009939704538487084 -0.0047208133653022415 0.9999394562783104 59.320139123892105
0.9999668843358246 0.0034416261243319464 -0.007374648883699511 -0.5335502620300585 -0.0034082760506463066 0.9999839305425994 0.00453015287895377 -0.6981532114193258 0.00739012182089767 -0.004504867356334764 0.9999625454438635 60.557448126634284
0.9999865093853708 0.0012260727469211672 -0.005047552973044699 -0.538205251447163 -0.0012204383622782845 0.9999986289158878 0.001119235011206766 -0.7079361080859489 0.005048918563284449 -0.001113059510874903 0.9999866346763197 61.681061571398416
0.9999968985535607 0.0001441045785679886 -0.002486385691826415 -0.5412941516827001 -0.00014962001026226808 0.9999975286041922 -0.0022181983572084132 -0.7224055235536858 0.002486060025293563 0.002218563181000517 0.9999944487254384 62.922212058177784
0.9999999956836843 2.9054774474543237e-05 8.825401383885964e-05 -0.540852711014015 -2.898769699453182e-05 0.9999997107595238 -0.0007600277192234177 -0.7327451393870136 -8.827607282681896e-05 0.0007600250486860434 0.9999997072836524 64.043859032745
0.9999954931400654 -0.0003110816453917283 0.0029861229152642315 -0.5367868101038045 0.00030443855470141043 0.9999974786300867 0.002224870428768411 -0.7402812525006338 -0.002986807658202058 -0.0022239510016518415 0.9999930664868979 65.15926770901882
0.9999762136091217 0.0001951641682224241 0.0068945004582068896 -0.5265469075530366 -0.00020577468675514552 0.9999987956411123 0.0015383006319570885 -0.7506413300837375 -0.006894192282819872 -0.0015396825563652578 0.9999750494312385 66.377146840413
0.9999445877084486 -0.00040056815363002235 0.010519556370059326 -0.5126548602726597 0.000405636459528934 0.9999998026930191 -0.00047966301397730495 -0.7622724907386322 -0.010519362680039775 0.0004839034488864901 0.9999445528798839 67.48006505517239
0.9998996424650817 -0.0012726624965867716 0.014109760182774678 -0.49486893489092 0.001327719226611142 0.9999915395264748 -0.003893334857440917 -0.7783985682713567 -0.01410468659693559 0.00391167732981689 0.999892872548475 68.70422835578654
0.9998465501735874 -0.0024776343210298527 0.017341782777278023 -0.4751280833201299 0.002582580880183289 0.9999784732798886 -0.006031856132128175 -0.7944415754675783 -0.017326465575267777 0.006075716181022889 0.9998314254074191 69.81997624022225
0.9997820209652529 -0.003003641841797425 0.02066128459706708 -0.4517527650607932 0.0031203753902596335 0.9999793396555339 -0.005619925037796014 -0.8094502312702371 -0.02064397849556044 0.005683170101807611 0.9997707375697006 70.93104019468794
0.9996951989518056 -0.002435674213958664 0.024567797543486484 -0.4209932250367399 0.002540754322934042 0.9999877544740418 -0.004246822132270056 -0.8260814077090733 -0.024557154032743833 0.004307947744262188 0.9996891455602331 72.13585533653709
0.9996001167248645 -0.00223235633045601 0.0281890620410071 -0.38843191489750334 0.0023773646519655344 0.9999841094557321 -0.005111653743026965 -0.8432850234794695 -0.028177204457129488 0.005176624532365642 0.9995895396045715 73.21727191019883
0.9994882783924974 -0.002395875449889694 0.03189735287279244 -0.34925480923612373 0.0026372622230737457 0.9999681889684641 -0.0075276783410589436 -0.8640022256581882 -0.03187830437059581 0.007607946764752888 0.9994628021246752 74.42089203339908
0.9993821565356403 -0.0024691693954943914 0.03506006814048038 -0.3105470869135587 0.002776830494511182 0.9999580437217646 -0.00872926440545901 -0.8829311550519893 -0.035037044837031794 0.008821225585334975 0.9993470825706139 75.52366565495653
0.999273887840354 -0.0031747409685086384 0.0379686458335929 -0.26880842408248806 0.003492345452703202 0.9999594434889528 -0.008301503017267717 -0.8989290791550573 -0.03794075270052187 0.008428073502965684 0.9992444479923169 76.64086940659072
0.9991533010410791 -0.0040896884508554564 0.04093843450134708 -0.2195612865375794 0.004376846376292524 0.9999664280412783 -0.00692719704246413 -0.9139562508911329 -0.040908732055975616 0.007100511892463466 0.999137657366293 77.87740082432721
0.99904046068059 -0.00488118695839599 0.0435239230342538 -0.17153158924940703 0.0051227371489125815 0.9999720816240949 -0.005439999018498639 -0.926296424570384 -0.04349615641339839 0.005657739803777154 0.9990375740508597 78.99666279855192
0.9989136579093599 -0.005946629094974078 0.04621841156185087 -0.11573948598136587 0.006124944771035377 0.9999743326039239 -0.0037174238587019373 -0.9369347532220863 -0.04619512140216698 0.003996469973895474 0.9989244410907063 80.23695812421876
0.998797072636437 -0.00716294478972989 0.04850876023846026 -0.06252349656071081 0.007373054045024236 0.9999641914469632 -0.0041537892999549825 -0.9466303195713296 -0.048477272244997385 0.004506449516074867 0.9988141198519968 81.37945186854746
0.998679081631838 -0.008490225380939966 0.050675515484555594 -0.006895382902800135 0.008841040264860605 0.9999384537537346 -0.006702596694232885 -0.9606991554270251 -0.05061549253569637 0.007141766213697436 0.9986926790130399 82.52477821530074
0.9985557367258603 -0.008839023435227803 0.05299351083510215 0.05695225358106213 0.00938889968887968 0.9999045474674966 -0.010136302494349292 -0.9843491119789991 -0.05289886005310378 0.010619212088081887 0.9985434106506648 83.77884740650227
0.9984555834417721 -0.008649339449094138 0.05487838089556029 0.11736958891931033 0.009315286132832787 0.9998859112936889 -0.011890751071316319 -1.0079298929039804 -0.054769275435881004 0.012383592686650305 0.9984222418953518 84.90572481110698
0.9983934310148266 -0.008431603279141126 0.056030927519930315 0.1849431559603447 0.009126331597543225 0.9998844801538663 -0.012154692058078294 -1.0319942296555498 -0.055921974037459944 0.01264651955741396 0.9983550462519123 86.15493355195079
0.9984010454238578 -0.008321069831203655 0.05591164602367055 0.24595419030238025 0.008943892594888071 0.9999006109743778 -0.010898397576130404 -1.0506158329462874 -0.05581540543423476 0.011381037497843614 0.9983762379597236 87.30499221241632
0.9984518648913613 -0.008625737473196293 0.05494970442707729 0.30578777208710706 0.009144961108139357 0.9999158189453148 -0.009204608307215183 -1.0658249520356824 -0.0548656848676507 0.009692869691899189 0.9984466960873193 88.47171411884013
0.9985467124228813 -0.008590641397742065 0.05320398354858063 0.3690100733819508 0.009025860353300238 0.9999277005119664 -0.007945293677080181 -1.08174106627613 -0.053131884375998764 0.008413957246436655 0.9985520558351582 89.76028882316079
0.9986564097952633 -0.008559466469157718 0.05110881129601251 0.42407131270296694 0.008939117178884784 0.9999340930663221 -0.007204290495020488 -1.0967759580316656 -0.05104378050321659 0.007651477289501027 0.9986671053909276 90.92996065124333
0.9988098169348589 -0.00792500141917577 0.04812633215283479 0.4805351189057215 0.008268558598499417 0.9999417060741302 -0.006943736647896578 -1.1147861671502288 -0.04806849992553495 0.007333406537302105 0.9988171206370405 92.21439443260387
0.9989689088778916 -0.006966875626668201 0.044861806220059045 0.5274928341477324 0.0072973156322081074 0.9999474089503632 -0.007206149912243844 -1.1331883142345756 -0.04480924474645159 0.007526089266152602 0.9989672114584459 93.37665621865477
0.9991306757545977 -0.006341451532279135 0.04120289664565473 0.5701557593188203 0.0066471776249723055 0.9999513545335939 -0.007287226437943505 -1.151941071507083 -0.04115468274247258 0.007554773245857774 0.9991242252508432 94.5384408823716
0.9993015573660601 -0.0056278114570128225 0.03694218636245952 0.6113776073176057 0.005874737894753042 0.9999611016512377 -0.006578959084235344 -1.1712179845004798 -0.03690372604626027 0.0067913886403498346 0.9992957480303069 95.8099342915035
0.9994424994286212 -0.00535484476435059 0.032954755841182154 0.6440355815410653 0.0055448927302910005 0.9999685055274022 -0.005678219362556128 -1.1878421562556787 -0.032923313584972254 0.0058577834030859215 0.9994407144897747 96.96157250130156
0.9995872359883936 -0.005111074682033414 0.02827073633129146 0.6737314846730849 0.005252015514561079 0.9999741373198661 -0.004913356939530871 -1.2066254382308235 -0.028244894028890785 0.00505980642168611 0.999588227371775 98.21786204813907
0.9997059739342113 -0.004789946268092742 0.023770192893689826 0.6949844054162971 0.004902484513962969 0.9999770389881502 -0.004678374759597732 -1.2249649922848986 -0.023747239107794235 0.004793531442940231 0.9997065022633146 99.3515002627582
0.9998093499352904 -0.004109438267609425 0.01908864275647741 0.7106164549376247 0.00419941858323332 0.999980249389527 -0.004676083524677635 -1.2442637098116678 -0.019069050600358243 0.0047553524944209 0.9998068603015088 100.48198105616757
0.9998987418530322 -0.0033485865355909394 0.013830871203873598 0.7211509269458795 0.0034185661126290767 0.9999814603848366 -0.005039080308213383 -1.2670695192463723 -0.013813741658606956 0.005085851040495392 0.9998916514469223 101.71657225373582
0.9999543787092253 -0.0026418601313364233 0.00917938275763093 0.7254028592526777 0.0026922358691910185 0.9999813613883612 -0.00547985183839129 -1.2883335880278317 -0.009164735102185713 0.005504314090583349 0.9999428534321926 102.84219526603451
0.9999880587389184 -0.0011241305832896545 0.004755913070170307 0.7254798408805536 0.0011524665387632298 0.9999815781465399 -0.005959464224061633 -1.3112857774716713 -0.0047491264588189345 0.005964873224430652 0.9999709326079235 104.10108473728405
0.9999975467241402 0.000978404614343423 0.001987279275917815 0.7239021330543525 -0.0009666103710934777 0.9999819663374334 -0.00592728237750397 -1.3283348067651448 -0.0019930428006092278 0.005925346057243697 0.9999804588258797 105.28659689937123
0.9999971510776844 0.002344263434064818 0.0004497551011818505 0.7226649151566281 -0.0023415697325820904 0.9999798527451981 -0.005900098236632178 -1.3425938611583508 -0.00046357743179640463 0.005899027447968299 0.999982493123067 106.50224172960866
0.9999918002039149 0.003971686264838113 -0.0007907297194884982 0.7202138156808517 -0.003976303841126819 0.9999745395029026 -0.005925314337964512 -1.3581980041959443 0.0007671761499277457 0.005928409084740594 0.9999821325353038 107.84093297333028
0.9999818244852624 0.005760755938779421 -0.00177888070513529 0.7167945937167006 -0.00577018589272726 0.9999690856950706 -0.00534159107897762 -1.3706535040468335 0.0017480542073752003 0.005351757700773364 0.999984151366035 109.07224243004038
0.9999752917953512 0.006492799537014827 -0.002694323771140638 0.7121947739403994 -0.00650485082048107 0.9999687719912228 -0.004487977119145346 -1.383657670614776 0.0026651002370155787 0.004505391762389083 0.9999862992450091 110.416540997299
0.9999616872550957 0.008067960306835185 -0.003395890177182462 0.7071841893840912 -0.008079539532682707 0.9999615473545888 -0.0034095197179382945 -1.3934515280030242 0.003368251896571254 0.003436825831455847 0.9999884214850425 111.65622535333733
0.9999362656315236 0.010552305639770375 -0.004014169597690421 0.7014733823010824 -0.01055642532212533 0.9999437733455884 -0.0010059772023503291 -1.3970110595415512 0.004003328707189918 0.0010482882228037167 0.9999914371912114 112.92607828857346
0.9999320274473387 0.010601949261243318 -0.004851720555378076 0.6939342596317252 -0.010596652005036615 0.9999432303869135 0.0011166572006784089 -1.4024751052451825 0.0048632840961309555 -0.0010651691452543543 0.9999876068699182 114.2741704971531
0.9999378424538714 0.009790561351182996 -0.005334432463860167 0.686708426093641 -0.009791783438124105 0.9999520387796391 -0.00020267145883596464 -1.4139647727753086 0.005332192607061295 0.00025489244110177284 0.9999857512790291 115.47759605461526
0.9999443549230285 0.008639057917564724 -0.006054235200280331 0.6768228275333158 -0.00864290540514317 0.9999624637138269 -0.0006093534983759338 -1.4287677330217354 0.006048744001332016 0.000661645690345319 0.9999814872940596 116.77439268364438
0.9999579983550217 0.005932188708732013 -0.0069864640308062095 0.6657027469172547 -0.005926025868598529 0.9999820335471401 0.0009026452669046534 -1.4433476176942364 0.006991693510898249 -0.0008612052475478603 0.9999751869734148 117.90213940089485
0.9999645355395939 0.0036599086639855357 -0.00758503375509278 0.6545549921669667 -0.0036421577907826295 0.9999905993715089 0.002352834645152471 -1.4542150860774512 0.007593573978895216 -0.0023251249601616516 0.9999684652263346 119.04966230459065
0.9999679787304201 0.0011343751386936104 -0.00792178629370802 0.642695362828549 -0.0011011548749937329 0.9999905876958621 0.004196661105237288 -1.4617793949792572 0.007926472701041326 -0.004187802986651412 0.9999598158719275 120.33349440354051
0.99996531202781 -0.0019338097633947284 -0.008101548751305889 0.6319065455502793 0.0019636382618142835 0.9999913175842584 0.003675443888489856 -1.4717343076435982 0.008094371195838081 -0.0036912243514068376 0.9999604272367917 121.48815004202028
0.999953631313269 -0.005189634360491643 -0.008111896516563827 0.6200318869864112 0.005205997511726437 0.9999844542030947 0.001997242058724545 -1.4877681761286579 0.00810140585848379 -0.002039379641457 0.9999651034778756 122.75016961323388
0.9999401956220829 -0.007460832349728898 -0.007996317089947602 0.6093821410113025 0.0074725017588837955 0.9999710576106439 0.001430284192431513 -1.5008047612629676 0.007985414949066837 -0.001489950904996045 0.9999670060621776 123.91678993155554
0.9999358717437785 -0.008165585489150015 -0.007847008000307085 0.5986780922486494 0.00817701455894999 0.9999655519034113 0.0014253070810439196 -1.5110414594457056 0.007835099614477902 -0.0014893805335525665 0.9999681959831852 125.11030355281606
0.9999397637314865 -0.008229441816415623 -0.0072625834042329175 0.5882917692979336 0.008247153043410864 0.9999630829399616 0.0024119046050900816 -1.5175371860161646 0.007242467025307163 -0.002471654575420103 0.9999707183780024 126.45780761281216
0.9999559837962183 -0.006593433681099576 -0.006675106015726927 0.5793207849159892 0.006623323060923235 0.9999680954736249 0.004465385679251083 -1.51695269167389 0.006645451150301447 -0.00450939984291369 0.9999677511357039 127.71719500615362
0.9999658735140208 -0.005686509540128906 -0.005992942831744087 0.5717069305152188 0.0057150937354550875 0.9999723245745575 0.004763173656133612 -1.517207273608089 0.00596569143124731 -0.004797260626827465 0.9999706979878513 128.97428885356527
0.9999712001880343 -0.005306057379103675 -0.005426278759604655 0.5635836547481985 0.005321127298356984 0.9999820162723198 0.002766364008529319 -1.5253471486044443 0.005411502956026779 -0.0027951578371498338 0.9999814511995896 130.32640807907873
0.9999748820767563 -0.004985997739581436 -0.005037360136882149 0.5563920903729644 0.004990709257842186 0.9999871203932255 0.0009229857411422546 -1.5354811752159279 0.0050326935066089705 -0.0009481024024209788 0.9999868864685038 131.54665321134286
0.9999725081881696 -0.0057993277133892495 -0.0046206725780883985 0.5495324720771594 0.005788618807032695 0.9999805363087219 -0.002327862587464055 -1.5523841857343004 0.0046340829255716335 0.0023010509680075355 0.9999866151316982 132.87377652383023
0.9999729041055858 -0.006070841420937595 -0.004163638653527068 0.5434578968100362 0.006045107437553301 0.9999627184537475 -0.006165909663996202 -1.5763243662372968 0.004200915921791221 0.0061405720898925036 0.9999723224513541 134.06700965622065
0.9999716612530172 -0.006463666023905477 -0.0038597483568934532 0.5378234794542359 0.006430979011672794 0.9999438529632463 -0.00842220316721372 -1.600107817303303 0.003913970180367425 0.008397141348317984 0.9999570834957979 135.26591689530474
0.9999709033468159 -0.006620994493902146 -0.0037887775594375368 0.531541877657667 0.0065878350825446085 0.999940463103427 -0.008698893969348762 -1.6228911316391492 0.0038461475425431843 0.008673679795752369 0.9999549861895263 136.60075866623995
0.9999725649799538 -0.006348944423668329 -0.003815774910263724 0.5255420476689714 0.006316243866145286 0.9999437391179661 -0.008521956224286831 -1.6425586169148734 0.003869665884272942 0.008497619861242986 0.9999564071102846 137.8113060912872
0.9999753192220907 -0.00580664018483724 -0.003955227788110118 0.5187403117687898 0.005776344049933394 0.9999542159921441 -0.007628881703255375 -1.6619323254727356 0.003999345102539776 0.007605845589387521 0.9999630774854228 139.1537820418125
0.9999782574631911 -0.00510694824313964 -0.004171766571409664 0.5121837240063039 0.005078109660382848 0.9999633378665905 -0.006894619871624719 -1.678198853469122 0.00420682432926356 0.00687328431119012 0.9999675297617637 140.3757922269223
0.9999784348222833 -0.004743322315954973 -0.004542107637669557 0.5051418353085 0.004712752966183403 0.9999663311735381 -0.006717628548996946 -1.6952003534520552 0.004573818841895949 0.006696076911316936 0.9999671208208194 141.59111226097562
0.9999762552159089 -0.004526979022787048 -0.00519571204786788 0.4963514155182791 0.004491806628749733 0.9999670524277725 -0.006761492812150448 -1.7151654379085086 0.005226150284607322 0.006737993184426664 0.9999636427339397 142.91978397691912
0.9999719210292024 -0.004684065423592429 -0.0058494991251052805 0.48767755479786884 0.0046479993109293455 0.9999701984759339 -0.006164277263492105 -1.73214210703423 0.00587819899668624 0.00613691485340981 0.9999638918706614 144.1258174534663
0.9999692026184046 -0.004328300609394887 -0.006546723270935671 0.47703527106061194 0.004293821690483493 0.9999768862238828 -0.005271637208316601 -1.7489616386442868 0.006569389530916433 0.005243363667338044 0.9999646745040667 145.45820126103033
0.9999666937012065 -0.0039024615972548917 -0.0071681406736609846 0.46653184904135214 0.0038632051528313988 0.9999775096302989 -0.005482328204780798 -1.7653866247455727 0.0071893744148867665 0.005454452856170809 0.9999592800897404 146.66898975837069
0.9999631901530089 -0.0034573131450065893 -0.007852724724610051 0.4550326078673952 0.003405103972382216 0.999972075753724 -0.006652294628035456 -1.7856129454483889 0.00787550492631796 0.006625309493733322 0.9999470394432949 147.86680114650707
0.9999598700071012 -0.0028153528555311586 -0.008504829666591395 0.4415691785462419 0.0027536789286297303 0.9999698926660728 -0.007254726428009892 -1.8079214507228942 0.008524998674672308 0.007231014720351347 0.9999375164568783 149.18678397762554
0.9999544772773147 -0.00264229395972388 -0.00916851238145109 0.42873024660133596 0.0025723671407926053 0.9999675799980852 -0.007630329098642945 -1.8276348530675899 0.00918837719590082 0.007606395908265635 0.9999288556992942 150.3908193264421
0.9999468066616126 -0.00267228542210462 -0.009962063001586306 0.41366583689785386 0.0025858084406209926 0.9999589545797751 -0.008683478413268947 -1.851931127189704 0.009984859365489176 0.008657255318662635 0.9999126734397839 151.70815965183104
0.9999409019487873 -0.0023301080342891132 -0.010619000354399239 0.39888003350126056 0.002233114260830857 0.9999557655688287 -0.009136747391833027 -1.8745852358737407 0.010639820799380492 0.00911249271861099 0.9999018735261637 152.90882357568927
0.9999332020433493 -0.002246848685642881 -0.011337684204583576 0.3834748752640431 0.002153268495101481 0.9999635721273273 -0.00825941251211285 -1.8939276630634119 0.011355829441875338 0.008234446581620201 0.9999016146724018 154.11744703816817
0.9999247964431531 -0.0018975456292646552 -0.012116135515394503 0.3654306767176628 0.0018084292803215735 0.9999712653590282 -0.007361934212978416 -1.9134990998566541 0.012129757599036537 0.007339468384816406 0.9998994955432974 155.45116113504358
0.9999170220334334 -0.001688199066160359 -0.012771021589225466 0.3482555561115394 0.001598946434099851 0.9999742514967084 -0.00699569485272385 -1.9316281020825137 0.012782503541642697 0.006974693228498039 0.9998939750114886 156.6582100317273
0.9999070764446225 -0.0014212274687130646 -0.01355796993400465 0.32828887750413605 0.001331683180491581 0.9999772583323445 -0.0066113135775208 -1.9512063400191744 0.013567058482909441 0.006592643410840197 0.9998862295218967 157.98690827271915
0.9998993918023339 -0.0009715655253620219 -0.014151406124197605 0.30931696630605465 0.0008743968225382497 0.9999760124848925 -0.0068709469676918 -1.969656773953684 0.014157742971438582 0.006857880813719129 0.9998762562417128 159.1960095270881
0.9998919675018452 -0.000397345050728015 -0.01469337966023416 0.2895140919459055 0.00028628027968930197 0.999971380561125 -0.007560167236437044 -1.9903343029601739 0.01469596389649098 0.007555143033536375 0.9998634649135332 160.4011175879638
0.9998845273418201 0.00011924856991073035 -0.015195977347797299 0.26733763069854877 -0.00023387529908215198 0.9999715338383265 -0.007541673449889478 -2.011734482333389 0.015194646224681037 0.007544355524939882 0.9998560923640043 161.72820686040515
0.9998792496872695 0.0003468022157395523 -0.015535949882183323 0.24697233422737372 -0.0004692735836984898 0.9999688411211228 -0.007880139103664112 -2.031031117424596 0.015532733749191254 0.007886477105618787 0.999848257323248 162.93940921363694
0.9998754437769862 -0.0004294268980555467 -0.015776960556410587 0.2249108364449843 0.00028267341867590275 0.9999566879269604 -0.009302816788676374 -2.0565774520545483 0.01578027292033305 0.00929719705757211 0.9998322584909073 164.2514325145643
0.9998689053461097 -0.002637692516328083 -0.015975438789992306 0.20571433866056502 0.0024787020940661058 0.9999472875254195 -0.009963847591501908 -2.0803796604416998 0.01600087908367696 0.00992294166370391 0.9998227378393522 165.43699426202429
0.9998611003279763 -0.003896811029890009 -0.016204778582960384 0.18573014997485646 0.0037599192561717895 0.9999570638222314 -0.00846956751273842 -2.099890077696066 0.01623708795667314 0.008407461284915084 0.9998328218160237 166.63663802243602
0.999854579397657 -0.004367500941831697 -0.01648468752106862 0.16297525584102215 0.004301074563813676 0.9999824965170898 -0.0040629371711718935 -2.110807571931908 0.016502144704549183 0.003991443950235054 0.9998558634244864 167.98118302522218
0.9998518634061868 -0.004276501605662403 -0.016672213617744368 0.1417255207010104 0.004242925503758218 0.9999888999599942 -0.0020487983819953205 -2.119783939414174 0.016680791088694018 0.0019777556920747693 0.9998589099100539 169.19650098340165
0.9998583799821629 -0.003010758380135936 -0.016557634287388743 0.11767613618232271 0.0029423891007255487 0.9999870514803978 -0.004152017498394929 -2.1395937496645425 0.016569921455270975 0.004102709954206118 0.9998542921360312 170.50494590606593
0.9998578641623261 -0.002297884274320615 -0.016702429317241606 0.09570317212086123 0.002188614119609405 0.9999761040792602 -0.0065575356316646604 -2.1626864418872134 0.016717099512598515 0.006520047519709282 0.9998390008320778 171.67699783449427
0.9998550065616846 -0.002217982514838773 -0.016883315775137263 0.0741197057015735 0.002093828419493423 0.9999706652205284 -0.00736780961530315 -2.1827750170598352 0.016899163048470108 0.007331389570857469 0.9998303201209695 172.86084222057596
0.9998549137555179 -0.002322599608503593 -0.01687474188698935 0.050791184285219955 0.0022086897247803557 0.9999746721828351 -0.006765849420512701 -2.2011862701713434 0.01689002971240396 0.006727595812196535 0.9998347195268378 174.17661417460695
0.9998552992559889 -0.002236537412624396 -0.016863522601026772 0.029576805607603424 0.0021505422972596137 0.9999846012009657 -0.005115912219353042 -2.213964582769088 0.01687470571274918 0.0050789055524337896 0.9998447124689109 175.38062348724742
0.9998620383748109 -0.002555305536032595 -0.01641263458916665 0.007322714667355045 0.002497710448732713 0.9999906546060496 -0.003528763126894162 -2.2257656051144186 0.016421499108038494 0.0034872818385413553 0.999859076701675 176.70477196230877
0.999877143857586 -0.0025994834695291726 -0.015457678453232987 -0.011623696311914507 0.0025485087265711935 0.9999912528914652 -0.00331651468449604 -2.2379659944361463 0.015466165253497277 0.00327671278347631 0.9998750226471247 177.8951475355561
0.9998931258080058 -0.0035472862754435835 -0.014182865193998041 -0.028169606009159236 0.0034862711090846285 0.9999845722288283 -0.004324494663618072 -2.2531279157007615 0.014197987330517322 0.004274586609281135 0.9998900665002802 179.06758557487385
0.9999100327801765 -0.003885244524671738 -0.012838659003476877 -0.04515547316106707 0.003811053633429061 0.9999759281606376 -0.005798190517783261 -2.2730116218973206 0.012860878005411837 0.00574873927366401 0.9999007699894084 180.34531532315958
0.9999224904368161 -0.0046668149440655966 -0.01154269894149923 -0.05861428738150082 0.00458759179633447 0.9999658054970192 -0.006880544483308145 -2.2917925887832356 0.011574415076526342 0.006827057047751649 0.9999097080294723 181.50792325725487
0.9999361717229053 -0.004803575578362713 -0.01022634275549208 -0.07228267659682472 0.004734093711594182 0.9999656199314426 -0.006807890048068217 -2.3111084689482593 0.010258693925819472 0.0067590421163906764 0.9999245344270764 182.7860438751855
0.9999481658284596 -0.0049476012720650895 -0.008898699034145403 -0.08296689806656551 0.004899905232885965 0.9999735560860313 -0.005373835516113993 -2.324851912906175 0.008925051780630298 0.005329953455296558 0.999945966064938 183.9496145542931
0.999958047290274 -0.00487805016218587 -0.007752950142616546 -0.09248958458128168 0.004844916273910202 0.9999790745012699 -0.004286886093248096 -2.3373248428851165 0.007773699960255109 0.0042491432728134675 0.9999607564169741 185.1074458389539
0.9999681989697539 -0.004505581547625645 -0.00658032975357494 -0.10187024182006586 0.004478299977563744 0.9999813405563004 -0.004154926190899146 -2.352948407805528 0.006598927674205043 0.004125324803508046 0.9999697174665538 186.35972422841638
0.9999748955481168 -0.004410332154262417 -0.0055459176336662 -0.1089382476736738 0.004388250922393584 0.999982421146483 -0.00398756739220725 -2.3671291590960366 0.005563406934320549 0.003963129862370584 0.9999766707801501 187.49358211123473
0.9999811557617356 -0.004235287158890842 -0.004444145176735634 -0.11544615125533149 0.0042193180494954925 0.9999846303843727 -0.0035967192659106303 -2.381882988464821 0.0044593102491887835 0.003577899732062329 0.9999836564585005 188.73500679413894
