1.0 0.0 2.825888419376777e-35 0.0 -1.358078992402193e-53 1.0 0.0 9.591687778546272e-54 6.263033901181148e-35 0.0 1.0 0.0
0.999883268892925 -0.0036525997386281004 0.014836006549323032 0.02203243447930479 0.003635438788813919 0.9999926913693439 0.0011835605019219486 -0.006148971975006656 -0.014840221931740553 -0.0011294868314765374 0.99988923989739 0.3064255506946821
0.9996955628174662 -0.006029045757590796 0.023925556528450354 0.039615688918139075 0.005984920666847289 0.9999802556322691 0.001915492280253539 -0.01175375266102915 -0.023936633918220058 -0.0017717163913590084 0.9997119077876289 0.5889889242307783
0.9995570359613085 -0.008472600572271966 0.028529753557362737 0.054122408389339724 0.008436130144364045 0.9999634373020199 0.0013985101601514528 -0.016114873460544403 -0.028540560870026533 -0.0011572098724853808 0.9995919653783382 0.8769149259682842
0.9995244771738951 -0.010776681531252821 0.02889087365442092 0.06564892692146004 0.010789480118743104 0.9999417507040376 -0.0002870675211017412 -0.01967492576056437 -0.028886098574794423 0.0005986483544566368 0.9995825303216027 1.2020603336201499
0.9996069750659841 -0.012549106271101462 0.02506821157663524 0.07071830744797372 0.012588524194462887 0.9999197600646593 -0.0014151335152618426 -0.022626105972933495 -0.025048442675672494 0.0017301488054241654 0.9996847413520878 1.506252195912404
0.9997519465519549 -0.014982121363746352 0.01647972334726323 0.06921140606426099 0.015039549250751384 0.9998812334021941 -0.003366183930331332 -0.02593783604299339 -0.01642733432301811 0.003613195991863366 0.999858533733334 1.8185149592046645
0.999878204212038 -0.015514318277459097 0.0016978015091421886 0.05616455957591934 0.015522022709830302 0.9998688477172002 -0.004621074706654389 -0.03245626635772902 -0.0016258860646519904 0.004646864535332027 0.9999878814910004 2.17246014077898
0.9998006972904371 -0.012913574554125066 -0.015225148327179739 0.032717476083344396 0.012845842183631447 0.9999071897582438 -0.004538318258789468 -0.040007684226378126 0.015282341979181302 0.004341833343773311 0.9998737913010834 2.5035006590329876
0.9993912429116304 -0.008979740466450052 -0.033712129436419554 0.00017462294107269997 0.008809455969704201 0.9999476944898917 -0.005196330876034933 -0.04741129619509138 0.033757029519197124 0.0048961814651214035 0.99941807591316 2.8441613619866
0.9984858302930459 -0.006657365828567272 -0.05460518198064957 -0.042720386206736266 0.006329282252347245 0.9999608790417234 -0.006179048315405707 -0.054544600710974334 0.05464418471203786 0.005824079922021312 0.9984889049906879 3.227511269498832
0.9972044634990216 -0.006999503899082815 -0.07439263724369212 -0.08889319485556327 0.006560167684531634 0.9999595800555501 -0.00614837562075382 -0.05982608156593815 0.07443266961761374 0.00564315886999438 0.9972100745733554 3.585239641891121
0.9955164347341349 -0.008386635464702719 -0.09421619745146453 -0.14195201588637393 0.007899062394295714 0.9999534177690413 -0.005546817351068916 -0.06546755610071964 0.09425833251563628 0.004777727831932876 0.9955363080512547 3.951415501569336
0.9934015316900069 -0.008405179160718609 -0.11437984481556236 -0.20924755109085721 0.007889254960447747 0.9999565653793303 -0.004962568501788092 -0.07317276845366348 0.1144165937816399 0.004027451185554726 0.9934246944425926 4.368707107354776
0.9913943098780177 -0.007249892929096788 -0.13070868479433254 -0.2775942133181496 0.006779560302619045 0.9999688455313729 -0.0040429680634625565 -0.08132231353888845 0.1307339302648907 0.003122028096740892 0.9914125747989077 4.760231917651889
0.9892137200497845 -0.006030472537933422 -0.14635521214986108 -0.35928454972715157 0.005541080430250728 0.9999776117679804 -0.0037513252193730083 -0.09024639173879315 0.14637456510263164 0.002899896429434348 0.9892249888595059 5.204455145217316
0.9872714532976147 -0.0061424606400559715 -0.15892559934248662 -0.438430325989781 0.005568889044830689 0.9999762753443933 -0.004054167585867412 -0.09865351394770093 0.15894673940413445 0.003117524961349597 0.9872822375459769 5.61700100954769
0.9854394539448158 -0.00854950041357666 -0.169811621744545 -0.5205770988026791 0.007731436607992618 0.9999551063417634 -0.005478162523290193 -0.1067568376756051 0.16985084233412726 0.004085509662077604 0.9854613141395651 6.034428183790715
0.9837275610274149 -0.01016647933138196 -0.17937872338545566 -0.616326428840618 0.00891164416491818 0.9999298695682386 -0.00779991279821213 -0.11558235646099785 0.17944545011863156 0.0060744295534368685 0.9837491721017361 6.509260019551822
0.9823629455961769 -0.009370371854965224 -0.18674912889654363 -0.7102458083204464 0.007752232323613731 0.9999258325874709 -0.009393205567630214 -0.1239305772447705 0.18682330538658007 0.007779813950272154 0.9823627278526181 6.961211664649827
0.9807699751346827 -0.009222058245688279 -0.19494924273185651 -0.8200260664270108 0.007057467284530899 0.9999055300163449 -0.011795053921650277 -0.13487577339607099 0.19503961033194994 0.010192386014560238 0.980742406467898 7.469484127167833
0.9791943846056723 -0.011466308371925261 -0.20260029236883426 -0.9240821780556523 0.008836964762560507 0.9998646478540008 -0.01387782954695509 -0.14628665043663397 0.20273200762618518 0.011798720091786048 0.9791631761978211 7.936127234794737
0.9775374155415686 -0.016296824284799123 -0.21013094024861076 -1.0320935685214583 0.01334123202038098 0.9997912392201371 -0.01547545448283522 -0.1589209515656424 0.2103392844670537 0.012324429078301606 0.9775507640823339 8.40923040305978
0.9755373936631065 -0.02009108951823192 -0.21891354172304872 -1.159756813994685 0.01680866828414294 0.9997167926858973 -0.01684646336209791 -0.17447683334800712 0.21919001861236995 0.012754708753264116 0.9755988191091116 8.944552014027025
0.97367810628923 -0.01824619376575114 -0.22719599168539878 -1.2884458090365472 0.013974701474267725 0.999694320569554 -0.020395425156962688 -0.19099393070980372 0.22749869284931828 0.016683581146766963 0.9736354583479878 9.45557828722355
0.9715702227088466 -0.015038517283813354 -0.23627344762693875 -1.4403633248471983 0.009575514697998281 0.9996600154119448 -0.02425207863857275 -0.21165837928993347 0.2365578454876279 0.02130015530431245 0.9713839056720576 10.03773917049781
0.9695033494304184 -0.014447661391509055 -0.24465182817143002 -1.583980797413733 0.008231927028167687 0.9996173005971254 -0.026409997067989903 -0.23217768652118517 0.2449397750696486 0.02359062205011951 0.9692512535020023 10.568245368928928
0.9673418278965874 -0.016991990930792466 -0.25290523225328204 -1.731505840457897 0.01016090024893205 0.9995480511750617 -0.028292220778466687 -0.25371690451721746 0.2532716859232502 0.024798501014224872 0.967077293158899 11.100866115961603
0.9649822869274683 -0.018095826654056926 -0.2616901277775912 -1.904139017986459 0.010408498233875262 0.9994734623367664 -0.030732092927815403 -0.2798481789053538 0.2621084738772513 0.02693212109697515 0.9646625381375568 11.705135270563124
0.9628880690097804 -0.01717867700241796 -0.2693537737170913 -2.0713017707873163 0.008460582718702356 0.9994030952511164 -0.033494358352303306 -0.30644191209366034 0.2697683975053565 0.02997242475828124 0.9624586585209998 12.272778277095494
0.9605096935986844 -0.01726126564165286 -0.2777105917515056 -2.263210974450646 0.007010108555733363 0.9992583191775144 -0.037863838582382424 -0.339235627442236 0.2781582109097849 0.03442179859728112 0.9599183056831503 12.903912839457334
0.9585910087952556 -0.01849566730408107 -0.284185121883991 -2.4432700807711134 0.0062952230069950425 0.9990211467826751 -0.0437849159368547 -0.37431610360487366 0.2847167919480147 0.04018281321730039 0.9577691236081648 13.48466941913987
0.9571241337656494 -0.019176360025341677 -0.2890426525216692 -2.629270253968202 0.0045674958744714635 0.9986814435744334 -0.05113230640340116 -0.4140077670673797 0.2896420796050801 0.04761975750174356 0.9559496998815804 14.078816351073977
0.9558012968702164 -0.019496371820821284 -0.29336626842248786 -2.8403841435830777 0.002044252219630497 0.9982155515838749 -0.059678591310094654 -0.4667065177586237 0.2940063023111781 0.05644115322892255 0.9541355745965073 14.743777653855629
0.9545970729963713 -0.01917530016277156 -0.2972822413720833 -3.0387201287108496 -0.001215061696617043 0.9976672911911377 -0.06825320885616294 -0.5205667754455188 0.2978975593100598 0.06551552128159721 0.9523469771447685 15.356258716225737
0.9532456803123107 -0.01893119044814758 -0.30160284781026897 -3.263407684476223 -0.004451799755115202 0.9970478413300673 -0.07665366632332389 -0.5886341839446954 0.3021636288147937 0.07441244214948581 0.950347270253819 16.039047605566033
0.9518819641676801 -0.017242179436101276 -0.3059794572155127 -3.476176116002434 -0.008605147773466531 0.9965186672716962 -0.08292465457022882 -0.6554670919821194 0.3063440582275297 0.08156747086790683 0.9484197751327329 16.674038913484598
0.9503856088162546 -0.016056303853986924 -0.3106595954157364 -3.696307287972883 -0.012243944369805504 0.9959623373597974 -0.08893317527859115 -0.7272090978544683 0.31083321063602887 0.08832449713643196 0.9463516801543069 17.321293316692838
0.948722369229008 -0.014109687302644627 -0.3157954674590988 -3.9461980828902665 -0.0167771988702331 0.9953478523854952 -0.09487454766579291 -0.8107614675440961 0.3156650065641035 0.0953077564187146 0.9440720519818341 18.043845139243427
0.947153707529939 -0.011947404515641634 -0.3205574958164116 -4.181295915847562 -0.020919418448465777 0.9948783998543957 -0.09889059108562011 -0.893043250806421 0.32009723066089135 0.10037045308596176 0.9420528324960155 18.709980499381945
0.9453774383255052 -0.00948677719432352 -0.3258396757593344 -4.449088596858999 -0.024981845536615307 0.9945282700826467 -0.10143682300015164 -0.9826357704210347 0.32501909411603574 0.10403614652794516 0.9399675913987009 19.460359254070802
0.9435031222516502 -0.009110541053744859 -0.3312383587360272 -4.698913435154869 -0.026085257552567614 0.9944777501839974 -0.10165414599894237 -1.0650432003524375 0.33033531882637435 0.10455142818194929 0.9380552117943672 20.149934688304885
0.9414000097944482 -0.008403232361176224 -0.3371874864236962 -4.9571044173651435 -0.027131949027944413 0.994563382642427 -0.10053624664695757 -1.1482275139157505 0.3361991735984416 0.1037933635441587 0.9360539823957965 20.847369422368008
0.9389312046820831 -0.008400164806954491 -0.34400235990587025 -5.248752484327287 -0.027309600589208845 0.9947295274631235 -0.09882992713806543 -1.2386833167485487 0.34301951000158265 0.10218905612191437 0.9337531887294349 21.6204718627196
0.9352897417193922 -0.007713260493461233 -0.35379880979914247 -5.607521759231863 -0.027836569723331366 0.9950611005199449 -0.09528133659680388 -1.3458945585782545 0.35278638069846685 0.09896418895290666 0.9304557293309093 22.54705160689972
0.9328312992939243 -0.006440014268717525 -0.36025586215304306 -5.839970633109381 -0.02841498822117037 0.9954114591158805 -0.09137076600637986 -1.4046744533133426 0.3591912606340004 0.09547016399164401 0.9283679721717853 23.120729471865438
0.9296615158832273 -0.004176317519958894 -0.3683911194816475 -6.137889139286075 -0.029668063022419797 0.9958395653039286 -0.08615896616061336 -1.4796443543766347 0.3672182980686918 0.0910281142399463 0.9256698169909705 23.84835335753598
0.9263186018752659 -0.0006014926449341838 -0.3767405982737343 -6.447380540843314 -0.03251498563163096 0.9961397733362124 -0.0815372848519463 -1.5507012075427125 0.3753353572228811 0.08777920753742019 0.9227232449913139 24.583766618951895
0.9224923616639439 0.0019229265028069906 -0.3860105400611068 -6.797999166899489 -0.034856702346702476 0.996317323554639 -0.07833774413667713 -1.627471925803152 0.3844383698337939 0.08572101411123893 0.9191621480763682 25.3952239401804
0.9187858217442045 0.002210389482439696 -0.3947501989912993 -7.124872640956297 -0.03551706057327142 0.9963915471268114 -0.07708712127752168 -1.6975489043487924 0.39315538879194095 0.08484690997113523 0.9155489333860428 26.13009956877212
0.914695999796625 0.0024874220909699143 -0.4041349180251187 -7.496575529775239 -0.03640039162084276 0.996423801804009 -0.07625365381049179 -1.7743182724560034 0.4024999967542823 0.08445957065607132 0.9115154092095573 26.94445497708422
0.9110084109851964 0.0030497780999778406 -0.412376484423115 -7.845862782971172 -0.03717841245342917 0.996507994557859 -0.07476351671574906 -1.84353410967459 0.410708472082224 0.08344168502337619 0.9079405510389763 27.69226504132321
0.9073356008762746 0.003033531845578178 -0.4203961175627318 -8.206087602187523 -0.0371291810799869 0.9966446874996414 -0.07294375744481596 -1.9129150749140755 0.41876430112338137 0.08179342126688355 0.904403839436909 28.44691296737271
0.9033312129355763 0.0029082609054865353 -0.42893385501427955 -8.611984507313586 -0.03629460721809681 0.9969091398579926 -0.06967689167098301 -1.9866980664090712 0.42740546342070995 0.07850928705911688 0.9006446971933985 29.278663650154392
0.8997468830920252 0.004371602202671826 -0.4363902214304742 -8.994830304575997 -0.03634998574621719 0.9972258288869001 -0.06495633544613184 -2.0496360988077393 0.43489565892870174 0.07430702951247058 0.8974097394906815 30.046782421938218
0.8958209463117023 0.00518786369880415 -0.4443848644619567 -9.427335624216385 -0.0355084828144567 0.9975705514759049 -0.05993449045730977 -2.1161658862452266 0.442994344635723 0.06946999583029492 0.8938288091612316 30.898341343156357
0.8921786860523346 0.005256527153946236 -0.45165202345073135 -9.831187019616927 -0.0346429061637683 0.9977832319515129 -0.056819817789724426 -2.1749525153724885 0.45035216341398643 0.06633996106814041 0.8903830347991589 31.676418219899368
0.8888874806359495 0.0043092637805053355 -0.4581053000359337 -10.244788980222209 -0.03339567006914812 0.9979048981137698 -0.05541249057242725 -2.232742739216237 0.4569067586952367 0.06455419490136491 0.8871690821384202 32.46195318191828
0.8854801170687008 0.004328153491323428 -0.4646570971819556 -10.713522062594283 -0.033098483863041976 0.9980041937299551 -0.05377843622221923 -2.2948725073666734 0.463496993608219 0.06299917398499293 0.883856126219665 33.33859557534682
0.8825688051564736 0.0039543091520922845 -0.47016662571632883 -11.149929246501612 -0.03225855457419161 0.9981176290888929 -0.05215922415338718 -2.350258448848261 0.4690753676139342 0.06120099272174078 0.8810350442227166 34.14353090372081
0.8798526328637005 0.0028884317344431277 -0.47523782413512267 -11.595164743472754 -0.031035006341524424 0.9981962635997247 -0.05139112960347633 -2.4060869187722136 0.47423220443299285 0.0599656225978707 0.8783552537648597 34.95464448052709
0.8773558357797012 0.0016799978160173762 -0.479837371287185 -12.096660798619437 -0.030100132148897188 0.9982171405058429 -0.051541468034794494 -2.469090961353945 0.47889532318296013 0.05966336913673912 0.8758422023865753 35.860042596601396
0.8756168398104596 0.0013641271437646665 -0.48300442719861997 -12.561016890995926 -0.03025515193719547 0.9981871585481493 -0.05202905709517339 -2.527120253425235 0.4820578667243645 0.06017088390864099 0.8740707578173763 36.692528170091435
0.8745787515603634 0.0013656130250727593 -0.4848815628828003 -13.082026533239732 -0.030292053634059336 0.9981965852854041 -0.051826335962723985 -2.591670364944198 0.4839363699331502 0.06001426356800342 0.8730428912331301 37.62556824032454
0.8742011800994542 0.0018652346291695029 -0.485560300256701 -13.56284103888361 -0.030179300015163134 0.998267982395421 -0.050499956830932814 -2.6497664685581697 0.4846251313462488 0.05880098506387621 0.8727433403842842 38.4867441658708
0.8739950145216046 0.0015011941443110917 -0.4859325555669897 -14.049633177492767 -0.029207991385919757 0.9983494786415239 -0.04944908672582031 -2.7080801605015847 0.4850563051900589 0.0574113625991356 0.8725963145950816 39.35907601121985
0.8734867089705687 -0.00011747217850354416 -0.4868479669763572 -14.591346735417268 -0.027433961945848424 0.9983991619996165 -0.04946202062910294 -2.7729929134909037 0.4860744370760917 0.05656057977547226 0.8720851761756816 40.3275961170231
0.872680152650723 -0.002453540811359682 -0.4882861033413675 -15.089973257586095 -0.02534095266953324 0.9984122625508999 -0.050306963191040936 -2.833537828006557 0.48763428789009783 0.05627551695697258 0.871232391280384 41.21553573671609
0.8713101963418344 -0.003964561567915426 -0.4907166303264036 -15.64704100443526 -0.023308593793613025 0.9985044129783471 -0.04945348458037697 -2.899831603147042 0.49017880690460885 0.05452723383022802 0.8699146684226089 42.20009169977825
0.869556446411956 -0.003836803463197094 -0.49381864339535636 -16.16018754990655 -0.02215020533854196 0.9986603908345822 -0.04676315381342606 -2.9581631380258964 0.4933365652125327 0.05160138050088238 0.8683065953103625 43.09710158535366
0.8673159625876388 -0.0033551303006899963 -0.49774667358938157 -16.67839052920397 -0.020678513570312616 0.9988711389790323 -0.0427650219352405 -3.0134071116656234 0.49732829394754835 0.04738344242348861 0.8662675049807093 43.992599847611636
0.8638019700668443 -0.0035581716872418326 -0.5038188985539647 -17.255520326258697 -0.018861074185459372 0.999045764987193 -0.03939314155853223 -3.071241784650855 0.5034783297344181 0.043530434395327125 0.8629105897437023 44.97266813933056
0.8594992599726066 -0.005196071718454418 -0.5111105645291032 -17.786274143602657 -0.017396038086687573 0.9990716638549167 -0.03941051382765551 -3.1235438554345736 0.5108408875936564 0.04276460194368474 0.8586109653946896 45.85315717904497
0.8536096701933209 -0.00919152001788764 -0.5208320579556694 -18.38098700034608 -0.015089514671133637 0.9989884299375291 -0.042360638542256364 -3.183625816975875 0.5206945846131276 0.044018549162401145 0.8526074893538704 46.814655380812894
0.847817931393918 -0.01091154137592541 -0.5301751395890916 -18.934496389250157 -0.014517104664755582 0.9989359870370084 -0.04377382545609229 -3.239079097164914 0.5300886928653644 0.044808837550682185 0.8467574388728853 47.68374196361665
0.8421465139024916 -0.009650839696540178 -0.5391624014226417 -19.500310386980384 -0.014919140447454994 0.9990401259260515 -0.04118551105887847 -3.289913895910081 0.5390423752069715 0.042728069894053367 0.8411941778200491 48.54955732885774
0.8363949751868881 -0.005617734478250667 -0.5480984134077098 -20.135170341046646 -0.016606208404132034 0.9992287599024741 -0.035582572075726286 -3.341101297561461 0.5478756188333151 0.038862917292251796 0.8356566253549588 49.4976366206468
0.8319118838553233 -0.003094150279285653 -0.5548991148071449 -20.71592075200562 -0.019152057368776242 0.9992285792554072 -0.034284767655394496 -3.384759435085076 0.5545771641324486 0.03914936163595472 0.8312108712182948 50.350297398970774
0.8282720456084269 -0.00430152635858022 -0.5603096455528273 -21.300258767265852 -0.01986896369829891 0.9991161904951845 -0.03704136070041317 -3.433080856650631 0.5599738010189159 0.041813091555039754 0.827454544824993 51.20134995187149
0.8249216158554132 -0.006091568674390236 -0.5652142989668208 -21.948702761359673 -0.021903189795825923 0.9988464314692469 -0.04273238736449644 -3.4951839986157975 0.5648226211354492 0.04763086123613367 0.8238365882434839 52.136030493936765
0.8218727825607631 -0.00790918199333096 -0.5696161489356125 -22.54292336427524 -0.022750379181815748 0.9986502355765798 -0.04669183658132902 -3.5553415217894218 0.5692166241104994 0.05133372765569837 0.8205835118168028 52.98296652683613
0.8183662764688112 -0.007954623714649464 -0.5746419269523801 -23.203469124776674 -0.02238434699040796 0.9987042449973886 -0.04570308951519456 -3.618045054214788 0.574260911484094 0.05026484627550809 0.8171278160127246 53.91246001898541
0.815271517936211 -0.005579398559835687 -0.579051988019642 -23.811201146555554 -0.022276857907126375 0.9989112114912421 -0.04098943091849273 -3.6696108444740725 0.5786502482517328 0.04631696979952894 0.8142595690213672 54.75702465045743
0.81228874050933 -0.003628129872958636 -0.5832442206838337 -24.42366144861506 -0.02211022362848389 0.9990703447556273 -0.037007897474994354 -3.7171330369315845 0.5828363033033752 0.042956754450684274 0.8114533740877972 55.599526431976706
0.8090132943971309 -0.0025464832554481644 -0.5877848134286171 -25.103659636809375 -0.02279519990249641 0.9991024263774129 -0.03570323077826015 -3.7675959147269853 0.5873481803958399 0.042283056659800006 0.8082290986470254 56.524511259830945
0.8058719587387063 -0.002841101188086089 -0.5920830144417085 -25.72627613260382 -0.023327585102729177 0.9990597136315258 -0.03654466587095752 -3.815446730674312 0.5916301435962475 0.043262184236565276 0.8050479331343043 57.36150408097194
0.8023400914881422 -0.004726906769033234 -0.5968484023357469 -26.351872290434972 -0.022858725179008915 0.9989916810874209 -0.038640652932231095 -3.8660498735657063 0.5964292694603843 0.044646134296081746 0.8014230265834161 58.19202024680287
0.7979679781174017 -0.00679049685801722 -0.6026615767662669 -27.04794179063095 -0.021932745081483313 0.9989470310058268 -0.040296205969819324 -3.923570805718836 0.6023006542610922 0.04537310034256981 0.7969788091947501 59.10228752332632
0.7938159199062228 -0.007243667397699938 -0.6081149523801518 -27.689571171625815 -0.02149094989980423 0.9989704151890254 -0.039953084005037214 -3.974793329414785 0.6077782837751746 0.04478435781893714 0.7928429466620498 59.928065792980576
0.7888485037913576 -0.007083924572754278 -0.6145468545251154 -28.40566666856281 -0.021437996894550195 0.9990078871371466 -0.03903401063748799 -4.029524775312891 0.6142136994531883 0.043966570300859126 0.7879140127657056 60.83346813047129
0.7839655915946279 -0.007405268246285049 -0.6207600930608187 -29.063898563459848 -0.02146060045805198 0.9990079343470256 -0.0390203792787663 -4.080526086469643 0.6204332457598806 0.043912514949223797 0.7830289256396048 61.6507186853066
0.7788169796295373 -0.008785770056794335 -0.6271896858271996 -29.727027776409777 -0.02098290732098877 0.9989773550058592 -0.040049495105037386 -4.13247123893948 0.6269001905047293 0.04435148571398471 0.7778361762382866 62.45970747603031
0.7730128901737395 -0.010140874590783206 -0.6343092411009541 -30.467870888361237 -0.02049614998764766 0.9989510131592492 -0.04094852167770475 -4.190555601409707 0.6340591446512018 0.04465462827102047 0.7719941618406702 63.347474456415966
0.7676035672634142 -0.01124940534415139 -0.6408261800469701 -31.151134704481365 -0.020184112601408535 0.998925740928034 -0.04171289972958708 -4.244408998807774 0.6406070441289339 0.0449534742301033 0.7665519038156204 64.15102333602353
0.7613628527285473 -0.013090069020781822 -0.648193824956238 -31.911401004939044 -0.019499223066729254 0.9988815061431157 -0.04307571586764909 -4.306071745663091 0.6480327207140353 0.045435521682728706 0.7602560278009074 65.02773294069407
0.7555155463005544 -0.01442655916393628 -0.6549718401306186 -32.61317272384282 -0.018698331599029297 0.9988753753218184 -0.043570142182305156 -4.362974392036199 0.6548638426860183 0.04516479627846883 0.7543961232175901 65.82068596568155
0.7495203390246945 -0.015036774464351508 -0.6618104970600536 -33.321485089478166 -0.017799886206716225 0.9989227221954767 -0.04285509818048378 -4.4180075876725935 0.6617419789036207 0.04390091531473314 0.7484452454701958 66.60517792670662
0.7428050851479059 -0.015143952737617365 -0.6693364198128298 -34.11306324423572 -0.017132516836563007 0.9989868027852096 -0.04161544205199689 -4.47718695441797 0.6692885058338212 0.042379575766481936 0.7417930240392354 67.4635536557548
0.7366307867513195 -0.0161051533938719 -0.6761033088893234 -34.84179559380719 -0.016284479174557685 0.9990041611335643 -0.041539163013361906 -4.531108736640876 0.6760990473970936 0.041609013031568866 0.7356349581201769 68.23875422390178
0.7303916242820357 -0.01788809636373472 -0.6827943079411778 -35.579280330117236 -0.015516934895240036 0.9989644460913211 -0.042769854833328486 -4.587576984644282 0.6828523431184839 0.04183361500877873 0.7293576969345094 69.00938479912612
0.7237268962759239 -0.01848907359514136 -0.6898387558285974 -36.40789836339312 -0.016085688766955167 0.9989174260923082 -0.04364890358677957 -4.6518931369148495 0.6898990167426154 0.04268641339556615 0.7226459999280068 69.86061070243697
0.7181545309694929 -0.017853423704243743 -0.6956545836796938 -37.17142272546878 -0.016971043595093424 0.9989241694924581 -0.04315654752687895 -4.708172924520375 0.6956767042331721 0.04279905077276974 0.7170789281831821 70.63341880039023
0.7126645895829408 -0.017248043132943824 -0.7012928505707957 -38.025190594716626 -0.01776413496517957 0.9989333915630649 -0.04262059400448719 -4.769440032847926 0.7012800026710814 0.04283204535838105 0.7115980599615013 71.48759678394951
0.7079308257577688 -0.017449108963021227 -0.706066178696904 -38.810368875007185 -0.018242123131580978 0.9989095288305684 -0.04297648734732011 -4.826331279844407 0.7060461706625252 0.04330452267604888 0.7068405398232936 72.26338616895099
0.7030569637316466 -0.01845483131256251 -0.7108940137298527 -39.601945321387404 -0.018787151975766105 0.99883228052824 -0.044509758795880955 -4.886450485565899 0.710885344649772 0.04464856590822661 0.7018892777244596 73.03351294924803
0.6976603404434568 -0.020681020761807428 -0.7161300986256333 -40.480452857515125 -0.018966467952499077 0.9986997657168394 -0.04731861606674338 -4.958168777119604 0.7161775948832453 0.04659477626372883 0.696360973656091 73.8760066002456
0.6927858347447612 -0.022190756820675547 -0.7208018663530329 -41.28808454917211 -0.019081520416134486 0.9986123973784388 -0.049083355477946206 -5.0251541172225584 0.7208909127195156 0.047758244684282324 0.6914010909519434 74.64001575008469
0.6880180267584587 -0.02208603773667383 -0.7253574115670525 -42.106832176713894 -0.01921691155542007 0.9986317615108321 -0.04863451047595907 -5.0893476040832635 0.7254391296181769 0.047400544983155005 0.6866522296142122 75.40512658786731
0.6826762054804801 -0.02187859666771185 -0.7303933856761639 -43.014590585987094 -0.0186650838358226 0.9987034166954764 -0.04736138197359336 -5.157443414809233 0.7304826069747665 0.04596533836429835 0.6813826941148986 76.24024883548374
0.6777653410154695 -0.022334270803390833 -0.7349389735813926 -43.8459484300804 -0.018046888003257516 0.9987321468073296 -0.046993713802224654 -5.219761683766983 0.7350567860082569 0.04511406800328258 0.6765029710344941 76.9934737304156
0.672483957871678 -0.023371638635695264 -0.7397425664164653 -44.77142880165012 -0.017304564014320175 0.998731516325568 -0.04728541779731924 -5.289850517718296 0.7399093898075049 0.044599603796872 0.6712264879950693 77.8216463827174
0.6680083429547823 -0.02435151239439473 -0.7437552211125338 -45.61715470238337 -0.016281233913951317 0.9987469252919452 -0.04732336649394686 -5.35341329999076 0.7439756730654541 0.043721652800338136 0.6667748069954174 78.56978658982166
0.6639820428758046 -0.024919172276192766 -0.7473331604198645 -46.4737368236197 -0.015469318491386549 0.9987728770166331 -0.04704721767747933 -5.416846281617249 0.747588505887093 0.04279923896676064 0.6627817737143263 79.32098971943635
0.659710335066153 -0.026707224920651973 -0.7510452507748185 -47.42226999832341 -0.013389037947124973 0.9987920368159707 -0.047277914828101356 -5.487551709624201 0.7514007152974419 0.04124549921905884 0.6585558463050482 80.14426562162122
0.6557580487404424 -0.030241511630214876 -0.7543651655180538 -48.288982522944664 -0.01070281622679895 0.9987246268245762 -0.0493413610528045 -5.556186358677828 0.7548952635704735 0.0404298233390509 0.6545980442618122 80.88790674582057
0.6513905358773604 -0.03466305297725559 -0.7579504024929292 -49.15584405001178 -0.007187947553298452 0.998629154781242 -0.05184732484501036 -5.629024934580849 0.7587085943707892 0.039220961606927826 0.650248425160974 81.6226312270101
0.6453462938158815 -0.03907062553206015 -0.7628903046509949 -50.11441612194037 -0.0021165907679867283 0.9985958487986885 -0.0529325165544377 -5.710096159253469 0.7638872360948555 0.035774527626479743 0.6443574346194662 82.41919054255949
0.6381505383411564 -0.04232432871425791 -0.7687473647124294 -50.991545169849765 0.00233702500712876 0.9985897292743271 -0.053038584393237755 -5.783867135058473 0.7699080838318134 0.032050017599233205 0.6373494874488367 83.12827561058184
0.6288896971979302 -0.045431606974220044 -0.7761660172591566 -51.96290124691846 0.006790787736396146 0.998574198666609 -0.052947667798064535 -5.865343560265561 0.7774648952631238 0.028027462939674508 0.6283015429606754 83.89021579965855
0.6202480289510891 -0.04488191439291773 -0.783120657575386 -52.86783616484113 0.008019976538761072 0.9986723910730464 -0.050883551632226666 -5.934036408960326 0.7843647700579927 0.02527981257059395 0.6197845351795518 84.58311590047639
0.6116179647907899 -0.04427794943682046 -0.7899132204258147 -53.7872357207956 0.008570569889436835 0.9987448833654394 -0.04934778419440195 -5.99963600565999 0.7911068454779895 0.023411984436009017 0.6112298013318913 85.27433556410733
0.6017361916559889 -0.04463644489176685 -0.797446619094569 -54.81544539572036 0.007236605219688432 0.9987008293935593 -0.05044091039026199 -6.07907704355791 0.7986621427647348 0.02458131438534558 0.6012774511849415 86.0300905604727
0.5922860551701014 -0.046399773403996834 -0.8043906116788656 -55.75314667058974 0.007325410970644616 0.9986093071649724 -0.05220910414511402 -6.155585455507362 0.8056944823341664 0.025030231925403178 0.5918022657864799 86.69701786822134
0.5827364440855932 -0.04816948726572077 -0.8112323359699058 -56.699897862637314 0.007397923038353687 0.9985148392653871 -0.05397580097444837 -6.2359338926365675 0.8126275528766745 0.025452231310441685 0.5822273421487011 87.35273407918132
0.5720158822946116 -0.04967740536735721 -0.8187368019412175 -57.74631966809558 0.009265046693445174 0.9984919375379114 -0.05411109119806559 -6.320550516822078 0.8201902353505419 0.023366768579958144 0.5716135112979919 88.0529026076252
0.5620445487416867 -0.04981466114027169 -0.825605468284509 -58.70115354796937 0.01102869249566055 0.9985472952426293 -0.05274151788089584 -6.393457038726164 0.8270334495035485 0.020537733927483422 0.5617774557495374 88.66802874266503
0.5519737941625975 -0.050154570201849845 -0.8323517366981676 -59.67097235641468 0.011713236622396383 0.9985573795136758 -0.05240191323682637 -6.467188813639195 0.8337792061697694 0.019174950395254207 0.5517649790383042 89.27847373055188
0.5409643554892577 -0.051148439836117825 -0.8394887530645722 -60.758025623263485 0.011634510946431247 0.9985086307741796 -0.05333997604175852 -6.550642950888734 0.8409650639893358 0.01908798509126649 0.5407526662213156 89.94995501607463
0.5310846185070354 -0.051734858687375374 -0.8457378998135907 -61.76661903103532 0.01059892007948502 0.998461796417359 -0.054421545512814744 -6.629008281981024 0.8472525160892553 0.019938537654955815 0.5308160371253958 90.56240560164356
0.5203797595515656 -0.05248263185055819 -0.8523206212669956 -62.89625224885704 0.009299186204472558 0.9983986609050209 -0.055799997119876196 -6.7168981356106565 0.8538843403505829 0.02111130111227593 0.5200345021207305 91.23479620686425
0.510876432609244 -0.05288491403564332 -0.8580258843525234 -63.92887200048526 0.008223792832136879 0.9983609083911488 -0.05663803026680509 -6.797544073821672 0.8596148416841807 0.021878807845003127 0.5104739751758981 91.83270857866843
0.5019062765133614 -0.05188707766996379 -0.8633642233095672 -64.97778488408018 0.007249480995835762 0.9984162545524768 -0.05578914133607756 -6.874984420915758 0.8648916529200391 0.02174197782327588 0.5014875403892791 92.42820710614173
0.4928941034499057 -0.04972757646623257 -0.8686671007074637 -66.14646012380386 0.007069287478728118 0.9985613957884834 -0.053152277349963556 -6.9545175606057965 0.8700606100060136 0.02005758705236153 0.49253656373635246 93.07999146621376
0.485290330998394 -0.04887179436924224 -0.8729861413200404 -67.21831109469757 0.00714472872097863 0.9986249807477894 -0.051933623306187934 -7.0253447523162755 0.874323901649231 0.01896563668412015 0.484972224458322 93.66770811080889
0.4778496906499527 -0.050567856665973424 -0.8769849059242977 -68.29337675873053 0.008241590319312316 0.9985558749207231 -0.05308711172972913 -7.100578393758124 0.8784029754079447 0.018139910343533554 0.4775763767866012 94.24550684572007
0.4699759243701652 -0.05389270510216965 -0.8810324435693702 -69.475610679674 0.010399831207556859 0.9984031559046361 -0.05552461108400538 -7.188633523065192 0.8826179877378911 0.01693264265143634 0.46978592243298045 94.86521805591381
0.46358550382926 -0.05682502854905585 -0.8842281132107959 -70.55813287227895 0.012109225886170421 0.9982544917977699 -0.057804298795157055 -7.271280081904408 0.8859694610152659 0.016089918096021623 0.46346441994638915 95.42555402641487
0.4573472389515587 -0.06026787655638374 -0.8872436222079909 -71.76080779511905 0.013811767272613016 0.9980619572287174 -0.060675904578732585 -7.3657625461542375 0.889180958506536 0.015495556183412945 0.4572932876383823 96.04266268930105
0.4522707736262748 -0.06251442019176415 -0.8896870536249456 -72.85481116365048 0.015952667738233596 0.9979479108670545 -0.062011937710383304 -7.452043206925857 0.8917380214062436 0.01385330651212193 0.45233994677722206 96.59686069826698
0.44783817226014916 -0.061639471016063506 -0.8919873909995791 -73.9557025278732 0.017785205749449955 0.9980376047448466 -0.060038544174252785 -7.5345357725621405 0.893937747967287 0.01102337445613267 0.4480556087553675 97.15005088186392
0.4435403353671571 -0.05928089711665499 -0.8942917335123051 -75.16563124813561 0.02038968714120533 0.9982193275627442 -0.056057430497169866 -7.6193422946434035 0.8960224724229219 0.006629405343642564 0.4439592556005783 97.75194644986345
0.4399536168653596 -0.05821404917078454 -0.8961316297535643 -76.26341447437524 0.0225901095238343 0.9982983057096516 -0.053760399321049805 -7.693667504730274 0.8977363430648307 0.0034083734107922927 0.440520013400653 98.29157921368753
0.43688757035954745 -0.05805472187774719 -0.8976407178626273 -77.36138542470468 0.024275153900003222 0.9983126123336257 -0.052750788932245954 -7.765775340065517 0.8991885272940034 0.0012558007028231693 0.4375596603222276 98.8286246365519
0.4339159522431202 -0.05745265519670125 -0.8991196232533807 -78.5687915977456 0.026077953557424965 0.9983474775824399 -0.05120795953363341 -7.842457494915716 0.9005758861531453 -0.0012272456275806475 0.43469714543758153 99.41533863611275
0.43152746015048393 -0.05651441349908177 -0.9003277904419654 -79.66043759887167 0.027695109173526133 0.9983952242622685 -0.0493959297056948 -7.909055098658266 0.9016745932845273 -0.003618972386632815 0.43240012956928514 99.94135655183524
0.429058195579056 -0.056550777060444195 -0.9015048709552554 -80.8543693430236 0.029866360924757262 0.9983807667682858 -0.048413281516323736 -7.9815078852776 0.9027829780894854 -0.006152550299688369 0.43005241757958707 100.51141423579195
0.426743798558302 -0.05722798713099767 -0.9025600510253784 -81.93135920793442 0.03208289863244417 0.9983256523355067 -0.048130866755821296 -8.047197994303348 0.9038033294716463 -0.008417189047383325 0.42786532216119316 101.0211793151012
0.42448504212586147 -0.05691600861603578 -0.9036442744322926 -83.00104279087715 0.0347050705021607 0.998311692088393 -0.046576006451641914 -8.10989228994946 0.9047696102168047 -0.011590215061527022 0.42574365614462223 101.52313288919825
0.42217871690196235 -0.05600496523130171 -0.9047809306835968 -84.16983936690325 0.037256238680054746 0.9983184152956915 -0.044410755849843414 -8.176610669172238 0.90574673296608 -0.014959452768056745 0.4235553233707442 102.06694185600688
0.42032364566571856 -0.05613088907333474 -0.9056364136740077 -85.21831639090072 0.039334504562839726 0.9982737051237577 -0.04361659449429717 -8.235392832673787 0.9065213016534447 -0.01728966768168819 0.42180592521656546 102.5515264507753
0.4188434240039429 -0.05726324124470475 -0.9062511047571731 -86.25868643617484 0.04114512262844643 0.9981814232141383 -0.044055943817987844 -8.294368354103563 0.9071258489552376 -0.018835264300907147 0.42043782955576353 103.03044685505368
0.4178301921452424 -0.058598187878268426 -0.9066334101184551 -87.39096488533144 0.04219213368959825 0.9980926738971343 -0.04506483282322022 -8.358859094425435 0.9075449273906072 -0.019423344022258714 0.4195056376868078 103.54821285638884
0.4176832277342999 -0.059401458777976916 -0.9066488545049703 -88.40547244485461 0.041859483264644524 0.9980591160217394 -0.04610624236301817 -8.417141720419774 0.9076279776310604 -0.01869404225905345 0.41935906881405216 104.00803513130357
0.41904441250892194 -0.05965476892825716 -0.9060038887053989 -89.50146716516632 0.040361516040876955 0.9980768103136448 -0.04704922652665627 -8.479824510695785 0.907068227390201 -0.016851969100418304 0.42064626892054335 104.50073701375503
0.42209196642447316 -0.059413252063845796 -0.9046039989675653 -90.4764829584578 0.03832087711489347 0.9981275454928411 -0.04767509047356245 -8.535136548342274 0.9057427465213169 -0.014541940434576626 0.4235783877363865 104.93490308151877
0.42654770684399357 -0.05963133827692431 -0.9024971551468837 -91.42982564002877 0.03665190037501104 0.998144241922268 -0.048628298789771235 -8.591005111934713 0.9037221544214696 -0.012335941248882612 0.4279417407401124 105.35851249438765
0.432253056645586 -0.05996913717047538 -0.8997560533854054 -92.46018042334491 0.035733430349776066 0.9981416376733664 -0.04935984216323297 -8.653583694785356 0.901044092773414 -0.01081542261264887 0.4335926782079415 105.82174944566782
0.43826567301954283 -0.05959025794810734 -0.8968679720380938 -93.37968619051414 0.03510467485347953 0.9981734695129836 -0.04916693470719243 -8.70984727701201 0.8981597305194308 -0.009936073954379907 0.43955706540296696 106.23936603424055
0.44544552127534354 -0.05818280293991132 -0.8934164804906651 -94.27166563188881 0.033741217026490807 0.9982682122936668 -0.048188250228883456 -8.76360770466454 0.8946730449618274 -0.008679714459120936 0.44663726414011695 106.64147718778534
0.45429950014375214 -0.057434850346132035 -0.8889955911764451 -95.2227122758188 0.03299839021355029 0.9983196010661549 -0.047634873885898356 -8.821872197478624 0.8902376702481025 -0.007694919523040246 0.4554313547053747 107.07502930292783
0.46305186555531297 -0.05708059306109134 -0.8844912295182591 -96.06867985901688 0.032636696267654045 0.9983454173339941 -0.04734210148761348 -8.874782229737054 0.8857301251305506 -0.006945018830016855 0.46414863128977774 107.46979507129143
0.4731550617137732 -0.05711720200460656 -0.8791256296238432 -96.97680996322273 0.03185158270519912 0.9983527550748733 -0.047720581862288704 -8.933959081111377 0.8804032044829729 -0.005422303723260838 0.4741949340588107 107.90207631779852
0.48290911246940954 -0.05836531222583914 -0.8737232054267827 -97.78210465072256 0.03075377133196446 0.9982911518936908 -0.04968885620445133 -8.991723435971092 0.8751302945087217 -0.0028750784871129733 0.4838788489353825 108.29685281629726
0.4933769140462504 -0.0596102968382416 -0.8677705883157344 -98.5624455040112 0.029242479682689188 0.9982216929237034 -0.05194545216512188 -9.052845344994775 0.8693239529994191 0.000252926344963049 0.4942426925902416 108.687239524658
0.5059143333686883 -0.05935605107649659 -0.8605390797968477 -99.38683239694531 0.027291493934012322 0.9982316453309993 -0.05280868718563644 -9.119647130115451 0.8621518997185491 0.0032312774906166327 0.5066396139949352 109.10800223051133
0.5180103691586779 -0.05733568119063769 -0.8534505487253562 -100.11181227570393 0.02558202484911409 0.9983430954480668 -0.051542453860910754 -9.176804577982256 0.8549917270617403 0.0048665349296164355 0.518618839521315 109.49023598059603
0.5313441572396687 -0.05470560964969235 -0.8453878669537436 -100.91430462707292 0.024396237343339348 0.9984870470222024 -0.049279217226855306 -9.236907080475529 0.8468047268095891 0.005559943479367263 0.5318748708209916 109.944551928398
0.5430345756775518 -0.05360607557315176 -0.8379974950263082 -101.67083167014151 0.02444243730454778 0.9985464400160606 -0.04803722607305915 -9.291636690019562 0.8393545445253752 0.005603175782907021 0.5435555067486667 110.40925250055457
