1.0 0.0 -2.1817175151261635e-35 0.0 0.0 1.0 0.0 -3.009265538105056e-36 3.4606553688208144e-34 0.0 1.0 0.0
0.9999266599673482 0.00024699229978293255 0.012108414204798405 0.013831357527327493 -0.0002296740116096022 0.9999989488236161 -0.0014316436341821597 -0.0015247186327399214 -0.0121087556820791 0.001428757407330915 0.999925665573652 0.11135928444718732
0.9995103119732867 0.0024014933388586085 0.031198863806250577 0.036173186965936535 -0.002346742324761133 0.9999956417963194 -0.001791418342352506 -0.0032936854742275376 -0.031203031469645894 0.0017173250683004695 0.9995115915370226 0.2512382029488719
0.9985466191420599 0.00439576700521138 0.05371523615856249 0.06559750010480336 -0.004347532212667656 0.9999900345066061 -0.0010148054762731153 -0.0046630544225716025 -0.053719164392646616 0.0007798015778001274 0.9985557787846733 0.3928988988551799
0.9966074914071286 0.005077237443588826 0.08214456493469446 0.10734491726436735 -0.005150808862131378 0.9999865007353509 0.0006837301088382133 -0.005992923278484029 -0.08213998869361669 -0.0011045215989086206 0.9966201896914119 0.5470191399731016
0.9928309149087124 0.0034382632431625153 0.11947783157955724 0.16915924746591526 -0.0038371194551599435 0.9999878069961257 0.00310843159969863 -0.0069434490062347835 -0.11946569315986358 -0.003544597559890041 0.9928320021638988 0.7286872856526511
0.9877443264643677 0.0003417382728468782 0.15608019663019665 0.23805960123571834 -0.0010352211825564366 0.9999899512254499 0.004361851929842329 -0.00692323161186731 -0.1560771454116775 -0.004469971854454152 0.9877347543834908 0.9052443315272214
0.9798959620299771 -0.0015857962625459637 0.19950284999927378 0.3269786951587685 0.0005345125186701162 0.9999856884592947 0.0053232667449609194 -0.005966075506835747 -0.19950844639936768 -0.005109610682795195 0.9798827855349973 1.1071665321577664
0.9699891087985055 -0.001537041832008641 0.24314350438447208 0.42114917613021313 -0.00015472426422411784 0.9999759153651041 0.0069386411492925095 -0.004540136505093072 -0.24314832550523102 -0.00676802629750048 0.9699655087803325 1.2881552617548675
0.9559446827757443 -0.0032139712420356844 0.2935292659707567 0.541988181812146 -0.0003622271545932982 0.9999263841508519 0.012128275350856645 -0.005411679321310946 -0.2935466521863286 -0.01170028379126868 0.9558731454734004 1.4951244491025821
0.9409316329931692 -0.010066791944526251 0.3384469182052163 0.6715759372507583 0.0035539152818376365 0.9997965014537619 0.019857628380651946 -0.00667460370612161 -0.3385779643185193 -0.01748185750384881 0.9407759308083784 1.711018889934624
0.9227641021242685 -0.017307471892479574 0.3849764359839816 0.8179888561467159 0.007999810894543128 0.999635996423794 0.02576582583225835 -0.005646485057341191 -0.38528226378375385 -0.02069603859190174 0.9225666686388925 1.9247289249899158
0.8982394394069869 -0.021457956024222003 0.43898229625635726 0.9941254530142803 0.009108243057804435 0.9995017827360317 0.030219635237622045 -0.0032929127200068994 -0.43941206130377425 -0.02314610868944312 0.8979873646582588 2.134620664584939
0.8726588690557687 -0.023247870597193396 0.48777661214354434 1.1696941050813783 0.007322969582899155 0.999376832143944 0.03453001074747145 0.00034185141186534023 -0.4882754191138661 -0.026560944394474612 0.8722852988483893 2.326296421882697
0.8407101547061675 -0.027520039910782466 0.5407856035729951 1.3867990150258684 0.007382728641296622 0.9991973914597941 0.03937090817871453 0.007204865903388485 -0.5414350805100927 -0.029107046265599908 0.8402385657675376 2.543591772029196
0.8078826087775554 -0.0326342081008467 0.5884391914435355 1.6050548645687817 0.00896793016155572 0.9990308197530969 0.04309289565515477 0.013595086700194227 -0.5892752198319935 -0.02953691676005647 0.8073922853644753 2.7372126049207552
0.7723672205637936 -0.037462334062891046 0.6340705248008799 1.843024659559761 0.010403670878232737 0.9988714174666984 0.04634280195610748 0.02163559507415961 -0.6350910651997951 -0.029196997606593278 0.771885285288681 2.9322767143580646
0.7310808128051639 -0.04166768092145725 0.6810173468256214 2.1288749334791865 0.01177547380862791 0.9987553601434579 0.04846719646137818 0.034284886791285024 -0.6821892753044164 -0.027414133326046013 0.7306615361844664 3.14818638407474
0.6916313401793863 -0.04424363511808126 0.7208942809939364 2.4085705504712216 0.012364143446121016 0.9987009939520249 0.04943129560790795 0.048674748181827966 -0.7221448912912596 -0.025274991187042465 0.691279940484659 3.333650807564174
0.6466791068204758 -0.04533816218484381 0.7614135244229822 2.7377775999425715 0.009543539449799299 0.9986347075931813 0.051357978819738415 0.06468811966487682 -0.7627024868451069 -0.025945550102272383 0.646228886172791 3.523779161750221
0.6058018210795059 -0.046064474640180195 0.79428092417316 3.0594345179312743 0.0060854442233777215 0.9985615826669685 0.05327037944293203 0.07933431148119528 -0.7955923285703907 -0.02743773869704514 0.6052107468699579 3.6933975817720794
0.5660150696887766 -0.046895394812367576 0.8230599791223846 3.407744465852748 0.0038515787290643202 0.9985202895005317 0.05424386718673172 0.09548368702747675 -0.824385917440826 -0.027532764072155262 0.5653581513475773 3.8711094669521997
0.5237632847394427 -0.04908999931103706 0.8504482098162657 3.8222925470861147 0.0024485899215207665 0.9984208403604004 0.05612334885607378 0.11451138255071232 -0.8518603541004797 -0.0273129488158975 0.5230563789308862 4.069071927372396
0.48689018222127356 -0.05000878540428986 0.8720304088723431 4.223531672456998 0.00020023874246720386 0.9983660397032313 0.05714202495663328 0.13276455458829872 -0.8734631927685086 -0.02764727483344591 0.48610463541234517 4.244277980708423
0.4509581596462408 -0.04979070540691606 0.891155196562858 4.649643577586689 -0.001835238343577092 0.9983889618203784 0.056710785055577015 0.15235675654530612 -0.8925432261610804 -0.027209671692772372 0.4501402697123874 4.41479534666044
0.41331906954321596 -0.04875542282199193 0.9092800527441679 5.150821954427993 -0.0017436714763248424 0.9985213424842209 0.05433312532295516 0.17608251569740396 -0.9105846190011293 -0.02404240120988994 0.412622897410583 4.603523882046867
0.3824996292024145 -0.04740356427371939 0.9227388001728986 5.635859539972737 -0.00013431653047946875 0.9986801666899794 0.05136055767061893 0.1987687331211687 -0.9239556584596578 -0.019769332673068577 0.3819884249955639 4.778601793504448
0.35521445393011397 -0.045606547318474716 0.9336716184751939 6.146491986914777 0.0014722254787535752 0.9988351978904665 0.048229454123175815 0.2214636067154237 -0.9347837014073183 -0.015757223977589982 0.35486784110809194 4.950424839714158
0.3302429940608178 -0.04425225759984755 0.9428580265847143 6.737182999950528 0.0027503630719824287 0.9989412815473727 0.04592114702617444 0.24668846107795497 -0.9438919669859789 -0.012571935557311767 0.33001506806627756 5.138075336825927
0.31276266737889774 -0.04416588071950795 0.9488039017735679 7.301297816310943 0.003785895756765904 0.9989683839200058 0.04525301252775677 0.26983785934296733 -0.9498237870187273 -0.010561380897568745 0.3126072223721544 5.313987334262097
0.298387100885862 -0.045233109791109574 0.9533724657671915 7.950988261401098 0.005134734258703416 0.9989379868990664 0.04578791403842923 0.2953947909326619 -0.9544311491377339 -0.008767209576976203 0.29830246843520947 5.513579439139696
0.28727536045290164 -0.04689643020575375 0.9566992978109812 8.565929255963205 0.004982183536380246 0.9988603774012798 0.04746708923409041 0.3195254376011206 -0.9578351065552531 -0.008869674573897474 0.2871816201403735 5.694230683293992
0.2767265185424668 -0.0486076940433867 0.9597185420765797 9.199518160816817 0.003580278337464583 0.9987650795386356 0.049552979425148885 0.3452198262845584 -0.9609420700826307 -0.010276564664514128 0.276558810933326 5.870796735137632
0.26573455149048025 -0.05042485588730056 0.9627265633132872 9.922489749216094 0.002430344967224256 0.9986630005367796 0.051636276666830905 0.3756007786237118 -0.9640431983919344 -0.011381785692056843 0.2655018128879606 6.064838893148306
0.2558599946140378 -0.05233862970805226 0.9652959568741901 10.602716326045405 0.0017352319683366674 0.9985565691766894 0.05368209600381772 0.40512046055795314 -0.9667123145848245 -0.012060088819594323 0.2555814966291033 6.239785229241202
0.24590625635222116 -0.05407713193566071 0.9677839273124331 11.302938180204732 0.0009555065243056816 0.9984555499331307 0.05554819656925455 0.4366090792057506 -0.9692931689513942 -0.012734925536664242 0.2455781360236049 6.411689869306104
0.23491605844989163 -0.05550693896904211 0.970429481202744 12.093883432350472 0.0007382438044465968 0.9983780794191492 0.05692684670929159 0.47298605904640656 -0.9720154052323837 -0.012656617231317524 0.2345760194639827 6.596523406596272
0.22487091161240577 -0.057612117689891135 0.9726838486942861 12.828902828003846 0.00011894931897842476 0.9982521177052156 0.05909903315887954 0.5081251571025388 -0.9743885809627189 -0.013173953635931431 0.2244847151990999 6.759837372354825
0.2143865857146308 -0.06052546206127148 0.9748717928654007 13.576662922525161 -0.0015910104011417076 0.9980552820128065 0.06231471048685724 0.5457185473558054 -0.9767476176174493 -0.014910469184191984 0.21387336617685587 6.916960844796873
0.20191181253513577 -0.0647078884831741 0.9772637622462138 14.409778712405535 -0.002874141799805249 0.997771635059103 0.06665961337271809 0.5892761758724328 -0.979399513724389 -0.016268157785820987 0.20127589823743883 7.080225256146388
0.1899233127186238 -0.0679329469093906 0.9794458645467328 15.17324996974863 -0.0038563560764277444 0.9975440267547635 0.06993599738560145 0.6303194713854262 -0.9817913791842403 -0.01705956799023443 0.18919489106573323 7.2193724211834205
0.17555393455150617 -0.06957081273487337 0.9820084874066655 16.019453803401046 -0.004574715577492721 0.9974314502204904 0.07148128873772971 0.6766345260394452 -0.9844592102881797 -0.01704123068059996 0.17478474740281066 7.359882998795953
0.16196310026388244 -0.06941545550291506 0.9843522741934424 16.7914733198681 -0.005589486115891906 0.9974422401099808 0.07125823343333063 0.7192669067493184 -0.9867810094905289 -0.017043227439502668 0.1611608393656451 7.476403088332867
0.14726115357572903 -0.06848618687447529 0.9867237433290098 17.56989504420289 -0.006390502155632234 0.9975132550535907 0.0701888024884889 0.7623001582152107 -0.9890770259343312 -0.016641743944112455 0.14645729006420197 7.581251029035821
0.12799404514130247 -0.06720263543354014 0.9894954677668308 18.431538927348754 -0.008144936410962755 0.9975967807226059 0.06880642115612524 0.8088614468556627 -0.9917415155997426 -0.016866189508303316 0.12713908472963067 7.678988849595472
0.10625547984462096 -0.06578507213553811 0.9921602932821707 19.218886362152716 -0.011440637439726863 0.9976621204653288 0.0673751115775236 0.850454423342153 -0.9942730683273532 -0.018509920426842973 0.10525444270700549 7.747780747199995
0.07988667120991218 -0.06499112719178433 0.9946829762124225 20.010750700696537 -0.01551579742823631 0.997670281248831 0.06643244974471134 0.8911972046741093 -0.9966832142688187 -0.020740365914046644 0.07869216710081775 7.792278944187474
0.04681557157026 -0.06454668677349615 0.9968159194469658 20.88136793429419 -0.0194504640868116 0.9976620010796469 0.06551497135064291 0.9355951465348252 -0.9987141891959102 -0.022455651877277057 0.045450652329990245 7.81045398711362
0.014490151682353805 -0.06425446643791502 0.9978283162413898 21.67769497785512 -0.02181449796540809 0.9976752746995721 0.06456139978701149 0.975465175418637 -0.9996570478130605 -0.022702626987620933 0.0130547856589783 7.797443796157277
-0.021565861874694454 -0.06347599364825213 0.9977503001558718 22.55409995204434 -0.02321284815757136 0.9977451814343233 0.06297393900401257 1.017790178541084 -0.9994979376062875 -0.021802537773482494 -0.022990694847449034 7.750985464768565
-0.05364408393563386 -0.0618058175626329 0.996645525205334 23.35189434180112 -0.024559114152445882 0.9978624199841978 0.060559401009077335 1.0546059579157205 -0.9982580888749334 -0.021228076503988436 -0.05504731302034072 7.682168349546505
-0.08509896624297159 -0.059642816400954916 0.9945857682202798 24.149099961202406 -0.027040158324308495 0.9979773700791685 0.05753259048178401 1.088939349374172 -0.9960055448471083 -0.021997791386628388 -0.08653959520275636 7.58908467884123
-0.11949441595845686 -0.05611647435817225 0.9912476865896224 25.023404947708844 -0.02707221827575719 0.9982143142175526 0.05324732998317388 1.123746061163271 -0.9924657317641778 -0.020472514033606084 -0.12080023539914041 7.456271727942034
-0.1503406296278183 -0.051195174101915486 0.9873078040711804 25.820729577540803 -0.02342732751647087 0.9985623769924528 0.04821140702637361 1.1528221604260567 -0.9883566684570525 -0.015881849506620225 -0.15132386407241874 7.308559772951169
-0.1833739900500924 -0.044643410684276345 0.9820289695231296 26.699711514613096 -0.017874941670591768 0.998954540924265 0.042075072651888486 1.1803183605882768 -0.9828807222979064 -0.009838236920404851 -0.18398027989643834 7.118162905530961
-0.21210845145756577 -0.0388198290399912 0.9764747705919078 27.499620968432765 -0.011972543928463069 0.9992389378110552 0.03712416225883237 1.2021031480544475 -0.9771728150130001 -0.00381653965951996 -0.21241179733328103 6.920880493381425
-0.23956298673177362 -0.03351923142262628 0.9703020091925967 28.296310666650868 -0.005510810866428217 0.9994346960752417 0.033165031303284895 1.222559137377589 -0.970865208491246 0.002597961084029806 -0.23961228047095676 6.703165233814818
-0.26841527265324167 -0.02516966999637607 0.9629743934207514 29.169901041601666 0.0019577874396932695 0.999642274373253 0.026673777592886187 1.2382418180624997 -0.9633013310492216 0.009044945569753184 -0.26826997826121574 6.4397480253714825
-0.29333689225359594 -0.013098010106110992 0.9559193813950481 29.94829881064775 0.00712203376807402 0.9998484536400678 0.015885416090266977 1.238471248886452 -0.9559826303216896 0.011467865508240617 -0.29319915514150724 6.182592905027297
-0.3174963683746215 0.0027190403486595173 0.9482555655026987 30.707810561552694 0.010057187119050884 0.9999493002043026 0.0005000890603220669 1.2147691389160322 -0.9482061766798717 0.009695557217392266 -0.3175076187702599 5.908696401206494
-0.34403434734567995 0.02019676328419241 0.9387398009721382 31.52318848122623 0.010741173458312067 0.9997878732862031 -0.017573724519338956 1.1648667336853753 -0.9388956483921789 0.0040372001399911735 -0.34417830690564044 5.587560940527847
-0.3680959431364248 0.03276353225947904 0.9292103548734811 32.253175995907945 0.012429495360585087 0.9994630550220753 -0.030316820323035162 1.123045387069668 -0.9297047525662836 0.00039011574215961053 -0.3683055315335112 5.27546197683566
-0.39360772145369205 0.04070325613532234 0.9183769179222735 33.05513267254176 0.016009165741498067 0.9991712784176547 -0.03742276615443473 1.07765106888354 -0.9191391134613314 -2.7442793656335224e-05 -0.39393315689701897 4.908963464714269
-0.4158332851753735 0.04290845318558308 0.9084280385575046 33.77905737261253 0.01881351606116031 0.9990784576431007 -0.0385783302792496 1.0384456129624366 -0.909246265495882 0.0010485702071292447 -0.41625733753306754 4.557359291721526
-0.4365677036552443 0.04090455372007287 0.898741017284939 34.497660089618805 0.02185190936579221 0.9991532797369241 -0.034859978826478115 1.003502865263317 -0.8994060118012689 0.004420464449833514 -0.4370918969894092 4.189721879836259
-0.45705648882840527 0.03746827712105308 0.888648104545738 35.28622289652458 0.027083128927023498 0.9992353005653919 -0.028201395615205002 0.9708102163178289 -0.8890252578742271 0.01117773751989592 -0.45772173760830376 3.7678371200930245
-0.47248493062120567 0.03751203527647724 0.8805400602616176 35.99226453954796 0.032245190697320465 0.9991606590877709 -0.025263126360029035 0.9426620614609512 -0.8807487021417716 0.01645673213554547 -0.47329793884767946 3.3770431062762967
-0.48476977651936237 0.03951005582336194 0.8737489227367766 36.686384788991205 0.03533132803648324 0.9990483915200431 -0.025573604904735984 0.9146896740085726 -0.8739279139502424 0.01847339530210791 -0.4857044096522922 2.982213765196882
-0.4960473811684092 0.0429157853489974 0.8672342199244482 37.43955753817259 0.03829776419478302 0.9988872117325787 -0.02752490111731986 0.881888334472822 -0.8674504678179337 0.01955947264033366 -0.49713896550324016 2.5432764594900115
-0.505823835506576 0.04474645339075758 0.8614754575683614 38.11125312680987 0.03636452353660203 0.9988720952499127 -0.03053128620408608 0.848772818030141 -0.8618700050280417 0.015883688914483485 -0.5068804992608293 2.1423810110282377
-0.517694443281709 0.042504735203025175 0.8545090831370749 38.834891081600034 0.03221968741094654 0.9990252569329698 -0.030173305209414747 0.812425547025895 -0.8549587072975543 0.011911460362416174 -0.5185593148819341 1.6945886579070026
-0.5272590852210706 0.0429699057242178 0.8486173501750498 39.494616468721695 0.032781240431196304 0.9990056563491908 -0.030217370222875167 0.7815487539940844 -0.8490720127730648 0.011886343696824451 -0.5281434166869009 1.27646561632922
-0.5349423392054671 0.045481400576517304 0.8436634987045092 40.16199332309689 0.03565060138770664 0.998875797706428 -0.031243816168986444 0.750949368475539 -0.844136104851361 0.013363468089145385 -0.5359623964569618 0.8464895999411467
-0.5408825492903478 0.04812312390643199 0.8397203083183415 40.89952597759324 0.03715189362449353 0.9987544220028131 -0.03330678692664446 0.7136115907121899 -0.840277239687418 0.013182136888276009 -0.5419967044377016 0.3660841314350118
-0.5425540662589933 0.05108165994028989 0.8384662859165967 41.5819179220788 0.03795597440285548 0.9986206672398493 -0.036278199326631705 0.673165127663315 -0.8391629543628907 0.01214191761718066 -0.543744559208196 -0.07724780233193668
-0.5412153617422655 0.05238234899418051 0.839250847509997 42.28181905197411 0.03907557182610909 0.9985463286084922 -0.037125868622173125 0.6353148450697209 -0.8399756346287258 0.012701113563183502 -0.5424754840673758 -0.5281402161787654
-0.5366725264570363 0.05169850481353302 0.8422053354368682 43.06773788264644 0.03896288763922974 0.9985749313281367 -0.036469174807437096 0.5953495242755373 -0.8428905788105394 0.013242744788737652 -0.5379220556637603 -1.0259857294771384
-0.5307170417340339 0.05058298530321651 0.8460382651001996 43.79842593789559 0.03720757509545569 0.9986456053739626 -0.03636690784588428 0.556242735853482 -0.8467319843857082 0.01217849178468501 -0.5318803130308066 -1.4793970803225798
-0.5240803498932853 0.049592831314852905 0.8502236766977693 44.544179776509885 0.0352997790377401 0.998710186875564 -0.036495053878141163 0.5151081990727335 -0.8509369825077198 0.010886364730848315 -0.5251550015541506 -1.9347144381461943
-0.5169643932574706 0.048490030221729916 0.8546323743057019 45.38124466310248 0.03304367877585451 0.998780577845721 -0.03668069378547644 0.4686022732918643 -0.8553689072496223 0.00927758266692986 -0.517936285798382 -2.4378810625142013
-0.5116199278099963 0.046724698342190764 0.8579404489445173 46.15972844282355 0.02964433063301582 0.9988857025674096 -0.036722846999696315 0.42428307664544546 -0.8587003548760442 0.006644927988634892 -0.5124349548393083 -2.8978385546360155
-0.5084376268350509 0.043931390114217 0.8599774266660157 47.03470742589123 0.024904896956755008 0.9990301768459678 -0.036310499839311616 0.37532868534082714 -0.8607386143203387 0.0029560233362397226 -0.5090386403898273 -3.4090771989593005
-0.5078139504226042 0.04143699601482754 0.8604695979077231 47.844878253484694 0.02151261372044995 0.9991409807928192 -0.035419040485730115 0.33327928649568067 -0.8611981396104005 0.000524666063713033 -0.5082691479653642 -3.8826107730200228
-0.5084082780800576 0.03924654178912155 0.860221305019226 48.66575266620429 0.01892905897971684 0.9992288288553496 -0.034401144454839626 0.2924986052781145 -0.860908096092852 -0.0012066476921651363 -0.5087591097780162 -4.364827963193136
-0.5090461349974413 0.0383103203860627 0.8598862213773221 49.5784416041485 0.018214973296800413 0.9992647477987622 -0.033736908073710055 0.24779092438729447 -0.8605465028496521 -0.0015108389491702069 -0.5093696805548188 -4.906207773906491
-0.5093340631260427 0.03772684816091916 0.8597415070877016 50.4133488769861 0.018011867718960246 0.9992870884354805 -0.033179630952230074 0.2076301802924241 -0.8603803932676645 -0.0014139668084670169 -0.5096504853658621 -5.40396836676994
-0.5094364527909983 0.0369780397452869 0.8597133749705353 51.25785563601164 0.018034793864378947 0.9993156285785614 -0.032295836910588474 0.16797978800948052 -0.8603192913863368 -0.00094792402203187 -0.5097547017505588 -5.9078342642285815
-0.5095469193902595 0.03643235348417768 0.8596712060621555 52.19667900695034 0.01803844502590091 0.9993359258484472 -0.03165947244341892 0.12438763253305883 -0.860253792661653 -0.0006248558340137825 -0.5098657268417286 -6.467896362720372
-0.5096626702101231 0.03541662261645326 0.8596450357158272 53.05921438612634 0.01695908461882557 0.9993718131294638 -0.031118626849607225 0.08426137711688307 -0.8602071775904897 -0.0012812104275159411 -0.5099431416949556 -6.979809161450927
-0.5097658494773972 0.03421321245437265 0.8596325940873859 54.009718481029296 0.015861404258220028 0.9994128499318728 -0.03037057111605174 0.04008012004275406 -0.8601669784900137 -0.0018469006905796682 -0.5100092113991889 -7.543101649621755
-0.5095265306258263 0.03340767112444086 0.8598061433344143 54.8699737564642 0.014954293886290486 0.9994388941791238 -0.029971089820069175 -2.751588556556037e-05 -0.86032500836198 -0.0024132723764217377 -0.5097402218361958 -8.053082006278608
-0.5087194927236275 0.032458838751814545 0.8603202098640534 55.730781908195176 0.014219904427597031 0.9994695012049484 -0.029300354811126358 -0.03899087696081423 -0.8608149094950567 -0.0026719911533751185 -0.5089111806109231 -8.561822362310824
-0.5069566820998321 0.030452978199152606 0.8614333987745336 56.67532505412697 0.014218156878565933 0.9995351867551214 -0.02696766104898986 -0.07924268837552424 -0.8618542817367452 -0.0014234416258309397 -0.5071540285217023 -9.119184973290693
-0.5048113745803033 0.028817064690451748 0.8627485234550902 57.53197762065204 0.014562654302089766 0.9995847019260531 -0.024866705614455597 -0.11371809567502529 -0.8631068541985909 1.0911583576328345e-05 -0.5050213817219494 -9.622621711357098
-0.5025956454896905 0.02770622538156453 0.864077510390252 58.39006014835311 0.01459146316010899 0.9996158163585457 -0.023564998414099023 -0.14680219779373316 -0.8643984862443727 0.0007644883875571589 -0.5028068322149787 -10.123109993878138
-0.5001298776699582 0.027939243670737416 0.8654995469400026 59.328814725175484 0.01522098015992543 0.9996085940882655 -0.023472977146274672 -0.1827738581608239 -0.8658166457383402 0.0014342129567855059 -0.5003593879392462 -10.668365024122995
-0.49855889006085496 0.028118861428141063 0.8663996331501193 60.18162521480019 0.015351131569492651 0.9996034154811492 -0.023608362691767835 -0.21549457236560093 -0.8667199160016603 0.0015300543552353764 -0.49879282705280314 -11.160823366047476
-0.4982980139022844 0.029126240984049354 0.8665164239358814 61.121039502702786 0.015052631828543302 0.9995755519930521 -0.024942622403793257 -0.252838472352984 -0.8668751608626829 0.0006144923216442029 -0.4985249402742815 -11.700996043903139
-0.49999312394614176 0.030522760627089078 0.8654913047960743 61.9755078895002 0.01406678699729949 0.9995331095847219 -0.027123580816770326 -0.28991891332060643 -0.8659151449903228 -0.00138692295869215 -0.5001890405085948 -12.1923235989422
-0.503307418357689 0.03177059336038568 0.8635231518356706 62.829327586335246 0.013044877361570372 0.9994893467751819 -0.029169798690005418 -0.32903696379032615 -0.8640089759026125 -0.0034168230454919204 -0.503464847679914 -12.68703170057415
-0.5084530346187001 0.03132182499012231 0.8605198526819378 63.763024401881054 0.012184314452968732 0.999499874531044 -0.02918121968744272 -0.37082091750490914 -0.861003536833416 -0.004352435664214339 -0.5085803806499128 -13.235327026604438
-0.5137413203727316 0.029544624644580377 0.8574362560439003 64.60249360165437 0.014143863502330198 0.9995627260034924 -0.02596744477591867 -0.4041406754441993 -0.857828562694309 -0.0012130888685957645 -0.5139345511642792 -13.741022935447777
-0.5192807195053417 0.027151779365526516 0.8541722764297888 65.52114693427178 0.013244258893653113 0.9996308156393059 -0.023723875697278074 -0.43984745344789905 -0.8545011174767505 -0.0010064733541490368 -0.5194486157465246 -14.29856033651017
-0.5243156755198367 0.02706554327958688 0.8510937031982329 66.34999965756407 0.01268793839774548 0.9996320926629443 -0.023972813372308888 -0.47259585289303746 -0.8514294593018901 -0.001770698117629465 -0.5244661832426178 -14.807585472407865
-0.5290365493686016 0.029817505226290973 0.8480750019156054 67.16723361995369 0.013944954438195446 0.9995530173922207 -0.02644435570422092 -0.5078343310967073 -0.8484844742106336 -0.0021636641190194076 -0.5292158843424732 -15.319542704266327
-0.5342172571136456 0.030762903549472927 0.8447872686565413 68.06307520888096 0.013281220950527807 0.9995197212720032 -0.02799886153126499 -0.5483971496000153 -0.8452429037787967 -0.003737669087240001 -0.534369254201375 -15.883863459946236
-0.5383809283478679 0.031377544128091475 0.842117206357429 68.87172101206993 0.01240988657594355 0.9994934022287049 -0.02930757425912804 -0.586545918832687 -0.8426102334368182 -0.005328060232076797 -0.5384975788819811 -16.39901179321351
-0.5418422766373083 0.031370792606965896 0.8398945078584269 69.67352571426085 0.01203083705606315 0.9994902961321396 -0.029570376875641444 -0.6240022904349259 -0.8403940985057258 -0.005917846473410034 -0.5419435157723307 -16.9163909801682
-0.5450247509012747 0.027697549491184068 0.8379623085724246 70.55115432203156 0.013260081121831921 0.9996139371019226 -0.02441612692687302 -0.6559838221588394 -0.8383151111486684 -0.0021959459412300886 -0.5451816101598644 -17.490263868402614
-0.547284665336745 0.020463727127709705 0.836696298007052 71.3496344793015 0.01371644446853108 0.9997860823359619 -0.015480597771801226 -0.6746046656834301 -0.8368341463771068 0.0030042031735698 -0.5474482823904478 -18.014363664914534
-0.549319182636243 0.01319389724762984 0.8355084206548599 72.22280918625687 0.012604368230047158 0.9998924131194015 -0.007502814193879081 -0.6909876995228112 -0.835517563953625 0.0064096141935693655 -0.5494263851654114 -18.586532093540256
-0.5507565922162286 0.015971922496708615 0.8345130545388502 73.00440590100054 0.013822399135269522 0.999854319856172 -0.010014015457229932 -0.7102210645316123 -0.8345514672713947 0.006019685714716297 -0.5508971295323107 -19.103829879928252
-0.5518225903577664 0.02116403522091498 0.8336929151437167 73.7798649870321 0.014845970306047427 0.9997688168950396 -0.015553460469284585 -0.7367657119156478 -0.8338293950175605 0.003794227953815601 -0.552009220266713 -19.61878488620963
-0.5526504811967482 0.026573389378814316 0.832989354653823 74.62786884827938 0.018621396215840857 0.999635743986983 -0.019535179173934818 -0.767172304073512 -0.8332050907627147 0.004715297049116021 -0.5529440098828984 -20.18800860616951
-0.5528444290037656 0.029304784102159614 0.8327690143607572 75.3897093387076 0.022881008957252473 0.9995384534491726 -0.019983489390077915 -0.7917070860172205 -0.8329703060775944 0.008006832426969313 -0.5532597899302477 -20.70322476179609
-0.5526023155517308 0.028197524544562258 0.8329679134212198 76.15766608700011 0.024103856744014832 0.9995501642205307 -0.017845829819870346 -0.8142351958382792 -0.8330964644139727 0.01021608999181597 -0.55303340568917 -21.21757077938908
-0.5520214680843373 0.024391573190412432 0.8334730435239551 77.00774372722219 0.023071527833851482 0.9996361536580176 -0.013973732742921383 -0.8345511571337698 -0.8335106702875801 0.011515693490069768 -0.5523833692888189 -21.78065893317483
-0.5513059742785047 0.0190498615765733 0.834085601045065 77.78225048428686 0.02146683701246371 0.999732190926803 -0.008644164772838484 -0.8454487884421324 -0.8340269370747597 0.013139597170773116 -0.5515672711434924 -22.29074488534437
-0.5507369852857008 0.012383298176288462 0.8345869585432851 78.64522489372446 0.015501232439455746 0.9998692371726497 -0.004606571839150997 -0.8535290025863366 -0.8345349117649062 0.010400114543498604 -0.550856927070652 -22.84934737490715
-0.5497800563145051 0.006787830154394494 0.8352818562851397 79.43424377317471 0.007621362691392381 0.9999661215422433 -0.0031097692983230985 -0.862898945404163 -0.8352747084924506 0.00465629525411314 -0.5498131644497336 -23.352820298079372
-0.5482935419188356 0.004556321726101343 0.8362735175502487 80.20988902498439 0.005559518081074372 0.9999829199171515 -0.0018032408334263332 -0.8717044385619006 -0.8362674918121321 0.003660570995275541 -0.5483095092919418 -23.855190049207774
-0.5456274483937769 0.005583858065161399 0.838009231614699 81.04247161600014 0.008627541412409066 0.9999622354369203 -0.0010456096257294518 -0.8804532808971943 -0.8379834649084649 0.006659444157001479 -0.5456550193026313 -24.401007219479848
-0.5418640804125233 0.009310549547777046 0.8404145381775942 81.79666611275802 0.011804828835030918 0.9999243121245834 -0.003466431547563828 -0.892408297964215 -0.8403832452920356 0.008042612937954526 -0.5419329786475324 -24.89034789970989
-0.535704002367239 0.012356392640187508 0.844315406120038 82.53957697586405 0.015715172246327548 0.9998656413779643 -0.004661835622888861 -0.9041176144655219 -0.8442596106403961 0.010771195531693966 -0.5358262100969571 -25.36686355241023
-0.5274834974438851 0.014352508624978395 0.8494440114430504 83.34057593564553 0.02150833371935107 0.9997624152781445 -0.003536214059719918 -0.914149477983172 -0.849292992397757 0.016404827378211643 -0.5276668753245572 -25.873285800023726
-0.5189159474022316 0.015657655372321957 0.8546818355760939 84.07414856748214 0.02450180806001129 0.999693873676291 -0.003438111798942436 -0.9257083754805389 -0.8544740703155482 0.019157155490368734 -0.5191407358040814 -26.322478711965267
-0.5079296013299879 0.014705802062097054 0.8612730238654145 84.9083023992442 0.022541572341034707 0.9997387744909815 -0.003776313501101159 -0.9429851341367362 -0.8611036140165372 0.01749634321162559 -0.5081284104378371 -26.808547617135822
-0.49726553730376927 0.011787789059538877 0.8675182966943911 85.66518964893896 0.021975816545389736 0.9997580144861001 -0.0009880231551735181 -0.950351692102007 -0.8673200596660123 0.01857310934010871 -0.49740425392044263 -27.236425470261935
-0.4863089098135202 0.00961356097901413 0.8737340469684265 86.41854750542412 0.021709587303151645 0.9997637326474498 0.0010830168319521387 -0.9549430091703751 -0.8735172440207044 0.01949508241327455 -0.48640271872816 -27.64988328852029
-0.47421652263128583 0.008423157128822552 0.8803679348313146 87.26040465238842 0.02138663790850231 0.9997693693461748 0.0019544957009801204 -0.9621646013977253 -0.8801484758358668 0.019754960439390675 -0.47428729817784493 -28.09507386953598
-0.46276086992551324 0.00905763392142904 0.8864368542634955 88.00628234407507 0.02348890221621202 0.9997220019174976 0.0020470962780508206 -0.9702736020659026 -0.8861719288226599 0.02176874036156189 -0.4628449785817534 -28.478863087022205
-0.4510527402970424 0.010585459971896125 0.8924344978975242 88.74618139793532 0.023644024319570616 0.9997204368651323 9.210064701704396e-05 -0.9823976526159639 -0.8921840756395076 0.021142280994666262 -0.4511769268761008 -28.844651110755777
-0.43862837879497363 0.01732702124812247 0.8985014627611081 89.57569387742919 0.025041740667044062 0.9996615259488673 -0.0070530178243023425 -1.0120916867159042 -0.8983195958866997 0.019406382829595375 -0.4389138146828552 -29.241302457697063
-0.4266757516460162 0.024907229417067002 0.9040616080946315 90.3000879262678 0.027000794036523963 0.9995259325447585 -0.014794176652678313 -1.0765947690660111 -0.9040015489123414 0.01809806096787073 -0.42714599498510225 -29.575098564349823
-0.4138949578557147 0.025589427521382165 0.9099648910166026 91.15691188008462 0.02568437635123038 0.9995351449703878 -0.0164258071527211 -1.117300104773066 -0.9099622616173472 0.016573318287836994 -0.4143598066546995 -29.95354527439184
-0.4025795769182183 0.021785789715418898 0.9151256859212777 91.9485290311332 0.02476873616881975 0.9996099627767809 -0.012900866222943737 -1.1340200099620459 -0.9150498540061738 0.01747287757604959 -0.402962163845606 -30.29042752123164
-0.3918799665769191 0.020270411958954484 0.9197929980261216 92.73941321032252 0.022891115459874094 0.9996625697567293 -0.012277774685851428 -1.1521356860135534 -0.919731553449078 0.01624367010036312 -0.3922117482403705 -30.61549172186805
-0.3828989141565151 0.022659079689438765 0.9235122870366859 93.66868591765346 0.019099432333362608 0.9996796241043016 -0.01660906677315302 -1.1806462131156108 -0.9235928081876312 0.01127896380590731 -0.3832090196137941 -30.992472689706275
-0.3769013060303749 0.027173278726475285 0.9258547266320493 94.53560437856858 0.014245151625263179 0.9996214166569011 -0.023539313356704974 -1.2311822207210272 -0.9261438999909973 0.004316940997283785 -0.37714570643394135 -31.340154793862563
-0.3726692249656599 0.030980171144845206 0.9274469440079673 95.40864329577154 0.010626153516919494 0.9995195027300794 -0.029117843245059435 -1.278625310792731 -0.9279034303723763 -0.000996131741850237 -0.37281935996237264 -31.68807394133805
-0.36877700978482864 0.030969694715471334 0.9290018036124775 96.3697201638359 0.007597543479761772 0.999511843115525 -0.030304340610130733 -1.3145375149330627 -0.9294868675774629 -0.004117413353763549 -0.3688322838385142 -32.06786894085119
-0.364594590779905 0.03147751967074216 0.9306341418770643 97.21365443653366 0.007004481781578885 0.999492902449968 -0.031062444285804507 -1.3486629405114714 -0.9311400347839389 -0.004806590018254166 -0.3646301909595756 -32.39578006638627
-0.3589875048063521 0.029599549233610502 0.9328728711917881 98.12019649795107 0.005868955728368491 0.9995488284956279 -0.029456663803088347 -1.3847811504719163 -0.9333239361159352 -0.0050995853741636595 -0.35899925980954994 -32.7390191932392
-0.35380390125052336 0.025462498033355548 0.9349729494772328 98.95984366529538 0.004017218208681774 0.9996615249777019 -0.025704038889129234 -1.4114489080838122 -0.9353110202392481 -0.005338199570727977 -0.3537864373685376 -33.05181463998415
-0.3484606236769913 0.02274561243546203 0.9370473767703172 99.79218923975746 0.004052683052189353 0.9997327399637805 -0.022760152815767536 -1.4352292567893459 -0.9373146818779348 -0.004133461895410241 -0.3484596763280721 -33.357061203219004
-0.34242925528575857 0.019369079868802857 0.9393439195282743 100.73812654626578 -0.0008328822181625673 0.9997808289009523 -0.020918904662367344 -1.4617178422217905 -0.9395432693611061 -0.00794560813115913 -0.3423380740167045 -33.69691485791377
-0.33664610314566606 0.01886636680106927 0.9414422003195939 101.6245801126835 -0.00842885682474897 0.999698829798616 -0.02304786670305737 -1.5013962936752618 -0.9415935425611429 -0.0156942552700919 -0.336385694952957 -34.009109946264196
-0.3303604052102701 0.01994444427521523 0.9436440942977126 102.48076600138977 -0.011710922661765214 0.9996131448636095 -0.02522726711852388 -1.5331825135965378 -0.9437822317517952 -0.0193850319264902 -0.32999903723456403 -34.30328797146827
-0.32304675818053663 0.0243188245008197 0.9460704738133426 103.35653256989852 -0.009337353238245328 0.9995392274166012 -0.02888160021793977 -1.574702858737536 -0.9463369643608561 -0.018163900448062893 -0.32267083513405664 -34.59379654366923
-0.3164809561870494 0.025492913073849398 0.948256226005504 104.16741293155224 -0.00870677280169344 0.9995186468990575 -0.02977695015995664 -1.6131395818026562 -0.9485589285582265 -0.017680088185042395 -0.3161066575977185 -34.85660334853343
-0.30936360329988893 0.02216284832192603 0.9506855018016167 105.08193828770781 -0.009967946369961954 0.9995978727627668 -0.026546806387944606 -1.6456312621168856 -0.9508916056541612 -0.017688996796354686 -0.30901828318804375 -35.14637905358458
-0.30256974197107867 0.01805074554582439 0.9529562822602082 105.90309112106637 -0.01070617416521819 0.999693208727071 -0.022335315882060204 -1.6707466440670027 -0.9530671403436656 -0.016960505827305218 -0.302283663291606 -35.397898725518985
-0.2959862605914338 0.01833292224056876 0.9550162257175797 106.73074583611763 -0.012032234119017791 0.9996649127909492 -0.022919152586761492 -1.7001371824592542 -0.955116434796575 -0.018274732045548112 -0.29566649487384683 -35.64638611734251
-0.28912129251090096 0.02115163088588088 0.9570587444828087 107.65115342031073 -0.01309596029189694 0.9995749220085965 -0.02604748013567268 -1.7384927137744375 -0.9572029144286851 -0.02006448315880536 -0.2887213940039885 -35.918238224444295
-0.2827839336335423 0.023083956644862385 0.9589057989690792 108.48274904960894 -0.013232212364317054 0.9995213491533619 -0.027963927966500837 -1.7739717307259903 -0.9590923839627619 -0.020596193378439855 -0.2823431285617657 -36.15693028964419
-0.2755001399895869 0.02303825651959779 0.9610249033624743 109.4060959949602 -0.014332676292638562 0.9995032158722471 -0.028069484786934606 -1.810335524132731 -0.9611942015093534 -0.021507204380354288 -0.27503307753625095 -36.41447981201981
-0.26829098814070695 0.02250393389316992 0.9630750083680418 110.22257521672098 -0.013131200939447968 0.9995487985802326 -0.027014272782953364 -1.8421818402524126 -0.9632484431364523 -0.019894016180889863 -0.26787443270834266 -36.63186311334285
-0.26072350940955286 0.023191542679169716 0.9651348905180274 111.00277149068917 -0.009164692434320566 0.9996069170224072 -0.02649565947679821 -1.87663016241852 -0.9653700358985596 -0.015753205146820104 -0.26040848160790053 -36.82760972381711
-0.2529890780235232 0.023957876988844475 0.9671724247736153 111.88826364795338 -0.006821755752040968 0.9996243120014408 -0.026546160350973076 -1.9136221072267676 -0.9674451076983518 -0.013313702443037416 -0.25273059981140417 -37.047167700825995
-0.24649666569330553 0.02380695798726752 0.9688511625191487 112.7374270964418 -0.009263354953415763 0.999594691249542 -0.026919205081311615 -1.947143985572375 -0.9690993914948824 -0.015610305953722491 -0.2461762276694919 -37.25697120944443
-0.24037657983701344 0.02229291564702337 0.9704236591382321 113.61108016621392 -0.013776697310455997 0.9995571905239478 -0.026374715002599806 -1.97764257479739 -0.9705819641798874 -0.01970909566806187 -0.23996301758991437 -37.46977001519885
-0.2348732064671511 0.021667982204108923 0.9717844553977022 114.559454778362 -0.014360413019925895 0.9995650516743326 -0.025758224146678867 -2.008790738766004 -0.9719199567236353 -0.0200051416780824 -0.23445988911793453 -37.69674539972443
-0.23018334652428576 0.021360381333574475 0.9729127984126539 115.39721184280485 -0.013031101937871254 0.9996017804649618 -0.025029402107255704 -2.0378576883681956 -0.9730600517599561 -0.01843947645750074 -0.22981333524759784 -37.8896198305531
-0.22525274413806132 0.022598619287357624 0.974038220898461 116.32377456969442 -0.011465709061671379 0.9996002531165309 -0.02584321170669238 -2.071325112757086 -0.9742329217661343 -0.016989292493526303 -0.22490359240104357 -38.099883434870776
-0.2199973984757184 0.0223634289882988 0.9752440585351241 117.14443780924344 -0.008520288355783312 0.999655000158471 -0.024845229886739446 -2.101770375883278 -0.9754632727804095 -0.013775246287856303 -0.21973095808820864 -38.27658363310818
-0.21465350162353666 0.021797680686809463 0.9764469710412862 117.9370306733033 -0.0021399237481301583 0.9997380285404807 -0.022788047913450057 -2.131597622215715 -0.9766879451849668 -0.006981057074583366 -0.21455062470861933 -38.43887671025895
-0.2091233566732676 0.020857620049681697 0.9776667802367766 118.82406416120794 0.0033050249570234927 0.9997818711971816 -0.02062248684191418 -2.1607981401494762 -0.9778837077729999 -0.001081432148071723 -0.20914667735734077 -38.618333820514806
